timestep,episodic_return
1000,0.0
2001,0.0
3002,0.0
4003,0.0
5004,0.0
6005,0.0
7006,0.0
8007,0.0
9008,0.0
10009,0.0
11010,0.0
12011,5.379860248477229
13012,0.0
14013,0.0
15014,0.0
16015,0.0
17016,0.0
18017,0.0
19018,0.0
20019,15.385502192056448
21020,0.0
22021,0.0
23022,0.0
24023,12.344190513435088
25024,0.0
26025,0.0
27026,11.648573117749864
28027,0.0
29028,0.0
30029,0.0
31030,0.0
32031,0.0
33032,0.0
34033,0.0
35034,6.977995198424968
36035,0.0
37036,0.0
38037,0.0
39038,0.0
40039,0.0
41040,0.0
42041,11.303584292630246
43042,10.88596448777436
44043,0.0
45044,0.0
46045,0.0
47046,0.0
48047,7.965035442549442
49048,7.1870633563949955
50049,0.0
51050,0.0
52051,0.0
53052,0.0
54053,0.0
55054,0.0
56055,1.8911287607795721
57056,0.0
58057,0.0
59058,0.0
60059,0.0
61060,9.03892986918848
62061,0.0
63062,0.0
64063,0.0
65064,0.0
66065,7.192522620255445
67066,0.0
68067,0.0
69068,0.0
70069,10.598049542064953
71070,0.0
72071,0.0
73072,0.0
74073,0.0
75074,0.0
76075,0.0
77076,0.0
78077,0.0
79078,0.0
80079,0.0
81080,0.0
82081,12.673264328190898
83082,0.0
84083,2.65897597944426
85084,0.0
86085,8.042254261938886
87086,0.0
88087,0.0
89088,0.0
90089,0.0
91090,0.0
92091,2.8101787310629898
93092,14.247170701929566
94093,0.0
95094,0.0
96095,0.0
97096,0.0
98097,0.0
99098,0.0
100099,0.0
101100,0.8938323129165635
102101,0.0
103102,0.0
104103,0.0
105104,0.0
106105,8.982161445144973
107106,0.0
108107,0.0
109108,0.0
110109,0.0
111110,0.0
112111,0.0
113112,0.0
114113,0.0
115114,0.0
116115,7.290044813380756
117116,3.4549384363922426
118117,12.68609905858729
119118,11.91363465640003
120119,0.0
121120,0.0
122121,0.0
123122,0.0
124123,0.0
125124,0.0
126125,0.0
127126,0.0
128127,0.0
129128,14.549189988535323
130129,0.0
131130,10.859315183486764
132131,0.0
133132,0.0
134133,0.0
135134,0.0
136135,0.0
137136,0.0
138137,0.0
139138,0.0
140139,0.0
141140,7.245296379010026
142141,10.813977470385684
143142,0.0
144143,0.0
145144,11.836137512598219
146145,0.0
147146,0.0
148147,0.0
149148,0.0
150149,0.0
151150,0.0
152151,0.0
153152,0.0
154153,0.0
155154,0.0
156155,0.0
157156,0.0
158157,14.278733024641856
159158,0.0
160159,0.0
161160,0.0
162161,0.0
163162,0.0
164163,0.0
165164,13.250435861455019
166165,0.0
167166,0.0
168167,0.0
169168,0.0
170169,3.6161501303143204
171170,0.0
172171,0.0
173172,26.74810067929509
174173,0.0
175174,0.0
176175,0.0
177176,0.0
178177,0.0
179178,24.348677867477345
180179,0.0
181180,0.0
182181,0.0
183182,0.0
184183,0.0
185184,0.0
186185,6.152467193055423
187186,0.0
188187,4.439472685134801
189188,0.0
190189,0.0
191190,0.0
192191,0.0
193192,0.0
194193,0.0
195194,0.0
196195,1.8792419194432846
197196,0.0
198197,0.0
199198,0.0
200199,0.0
201200,0.0
202201,0.0
203202,9.968432687833996
204203,0.0
205204,0.0
206205,0.0
207206,10.750529001455543
208207,0.0
209208,0.0
210209,0.0
211210,0.0
212211,0.0
213212,0.0
214213,0.0
215214,0.0
216215,9.012337642339785
217216,0.0
218217,0.0
219218,0.0
220219,0.0
221220,16.069423757479097
222221,6.345230006041578
223222,14.513621241646058
224223,0.0
225224,0.0
226225,0.0
227226,0.0
228227,0.0
229228,0.0
230229,0.0
231230,0.0
232231,0.0
233232,0.0
234233,0.0
235234,0.0
236235,14.189151241248707
237236,0.0
238237,0.0
239238,0.0
240239,0.0
241240,0.0
242241,0.0
243242,0.0
244243,0.0
245244,0.0
246245,7.280941282961477
247246,0.0
248247,0.0
249248,16.108511670133524
250249,0.0
251250,18.13278217292186
252251,35.06156268173555
253252,0.0
254253,0.0
255254,0.0
256255,0.0
257256,0.0
258257,0.0
259258,11.613685363277574
260259,11.749339196337083
261260,0.0
262261,0.8681017325944985
263262,10.809598832517029
264263,17.76409922908156
265264,0.0
266265,0.0
267266,0.0
268267,15.382274942130872
269268,0.0
270269,0.0
271270,0.0
272271,0.0
273272,0.0
274273,4.42498567801399
275274,0.0
276275,0.0
277276,9.72989368985418
278277,0.0
279278,0.0
280279,0.0
281280,0.0
282281,0.0
283282,0.0
284283,0.0
285284,0.0
286285,0.9235105588848022
287286,0.0
288287,10.693963975661188
289288,26.959095506328822
290289,0.0
291290,0.0
292291,0.0
293292,0.0
294293,0.0
295294,6.42519938077062
296295,0.0
297296,0.0
298297,0.0
299298,11.61593641905485
300299,0.0
301300,11.852150105621114
302301,0.0
303302,0.0
304303,9.200505707257792
305304,0.0
306305,15.422943450383888
307306,0.0
308307,0.0
309308,0.0
310309,0.0
311310,0.0
312311,0.0
313312,0.0
314313,0.0
315314,0.0
316315,0.0
317316,0.0
318317,0.0
319318,0.0
320319,0.0
321320,0.0
322321,0.0
323322,0.0
324323,14.392354002799602
325324,0.0
326325,0.0
327326,0.0
328327,0.0
329328,0.0
330329,0.0
331330,0.0
332331,0.0
333332,6.342125855231124
334333,0.0
335334,0.0
336335,0.0
337336,0.0
338337,2.7043578461486804
339338,0.0
340339,0.0
341340,0.0
342341,8.95664202426598
343342,0.0
344343,0.0
345344,0.0
346345,0.0
347346,0.0
348347,0.0
349348,0.0
350349,0.0
351350,0.0
352351,0.0
353352,0.0
354353,0.0
355354,0.0
356355,0.0
357356,0.0
358357,0.0
359358,0.0
360359,11.66444172546434
361360,0.0
362361,0.0
363362,0.0
364363,18.765640754331148
365364,0.0
366365,12.769481088390402
367366,12.132991530710497
368367,0.0
369368,0.0
370369,0.0
371370,0.0
372371,0.0
373372,0.0
374373,0.0
375374,0.0
376375,0.0
377376,0.0
378377,0.0
379378,18.08813270660526
380379,0.0
381380,0.0
382381,0.0
383382,0.0
384383,18.050461966110014
385384,0.0
386385,0.0
387386,0.0
388387,6.374729478394779
389388,0.0
390389,0.0
391390,2.7367388087115367
392391,0.0
393392,0.0
394393,0.0
395394,0.0
396395,0.0
397396,0.0
398397,0.0
399398,0.0
400399,0.0
401400,0.0
402401,0.0
403402,20.77180413687773
404403,11.699251998305964
405404,0.0
406405,0.0
407406,0.0
408407,0.0
409408,19.005896618392114
410409,0.0
411410,0.0
412411,0.0
413412,0.0
414413,0.0
415414,0.0
416415,0.0
417416,10.667761605191313
418417,19.823468222650412
419418,21.63664302875634
420419,0.0
421420,0.0
422421,0.0
423422,0.0
424423,0.0
425424,0.0
426425,0.0
427426,0.0
428427,17.115746310297187
429428,0.0
430429,0.0
431430,17.23314811671563
432431,0.0
433432,0.0
434433,11.081332700018539
435434,0.0
436435,0.0
437436,0.0
438437,12.631046977054433
439438,0.0
440439,0.0
441440,0.0
442441,0.0
443442,0.0
444443,0.0
445444,0.0
446445,0.0
447446,23.514574752732322
448447,9.656501730743726
449448,29.348041604972302
450449,0.0
451450,0.0
452451,12.695508856882565
453452,0.0
454453,0.0
455454,0.0
456455,0.0
457456,0.0
458457,3.4749319994495775
459458,10.041230933262854
460459,0.0
461460,0.0
462461,0.0
463462,0.0
464463,0.0
465464,0.0
466465,10.769628622066495
467466,0.0
468467,0.0
469468,0.0
470469,7.9765165264213165
471470,13.182792037831684
472471,0.0
473472,0.0
474473,14.491085229385645
475474,16.440532333283034
476475,0.0
477476,0.0
478477,0.0
479478,14.683764133599908
480479,0.0
481480,0.0
482481,0.0
483482,0.0
484483,15.173631044868303
485484,0.0
486485,0.0
487486,7.1155392165850975
488487,0.0
489488,0.0
490489,0.0
491490,33.37597919249104
492491,0.0
493492,0.0
494493,14.952230952638583
495494,9.887263257891046
496495,0.0
497496,0.0
498497,0.0
499498,20.794339962776043
500499,0.0
501500,0.0
502501,0.0
503502,0.0
504503,12.509073606621229
505504,0.0
506505,0.0
507506,0.0
508507,0.0
509508,3.675412748681169
510509,0.0
511510,0.0
512511,0.0
513512,0.0
514513,0.0
515514,0.0
516515,0.0
517516,0.0
518517,0.0
519518,8.145865715347577
520519,5.219365093401569
521520,7.994994157081897
522521,7.274809178898604
523522,0.0
524523,0.0
525524,14.520967002939484
526525,0.0
527526,0.0
528527,19.775507254704735
529528,32.45508311703487
530529,0.0
531530,0.0
532531,0.0
533532,0.0
534533,0.0
535534,0.0
536535,0.0
537536,0.0
538537,11.862971052589575
539538,0.0
540539,0.0
541540,0.0
542541,13.417351603944773
543542,0.0
544543,0.0
545544,0.0
546545,0.0
547546,0.0
548547,0.0
549548,0.0
550549,0.0
551550,13.554477452782121
552551,0.0
553552,15.98845062208138
554553,5.424937743501933
555554,0.0
556555,0.0
557556,0.0
558557,0.0
559558,0.0
560559,20.04752231540825
561560,0.0
562561,0.0
563562,0.0
564563,0.0
565564,0.0
566565,0.0
567566,0.0
568567,0.0
569568,0.0
570569,0.0
571570,16.13791548149659
572571,0.0
573572,0.0
574573,0.0
575574,0.0
576575,0.0
577576,18.671086628352814
578577,0.0
579578,0.0
580579,0.0
581580,0.0
582581,16.467139840577122
583582,0.0
584583,0.0
585584,17.314990800491323
586585,0.0
587586,0.0
588587,0.0
589588,7.924727653442856
590589,0.0
591590,0.0
592591,0.0
593592,0.0
594593,0.0
595594,0.0
596595,0.0
597596,0.0
598597,0.0
599598,0.0
600599,0.0
601600,5.461276607485154
602601,0.0
603602,0.0
604603,0.0
605604,0.0
606605,0.0
607606,0.0
608607,0.0
609608,0.0
610609,0.0
611610,0.0
612611,0.0
613612,0.0
614613,0.0
615614,0.0
616615,0.0
617616,0.0
618617,0.0
619618,13.388075010087933
620619,0.0
621620,0.0
622621,0.0
623622,0.0
624623,26.185356694509938
625624,13.406006689555339
626625,0.0
627626,0.0
628627,12.58994372235896
629628,18.917294819330166
630629,0.0
631630,0.0
632631,0.0
633632,0.0
634633,0.0
635634,0.0
636635,0.0
637636,0.0
638637,0.0
639638,0.0
640639,0.0
641640,0.0
642641,0.0
643642,0.0
644643,15.309456382221864
645644,9.759942939534751
646645,0.0
647646,0.0
648647,0.0
649648,23.395122978236753
650649,0.0
651650,0.0
652651,13.520188316912101
653652,0.0
654653,0.0
655654,0.0
656655,0.0
657656,7.3683852764297235
658657,0.0
659658,0.0
660659,0.0
661660,0.0
662661,0.0
663662,0.0
664663,0.0
665664,24.251796268784414
666665,0.0
667666,0.0
668667,19.73745255849872
669668,0.0
670669,0.0
671670,0.0
672671,0.0
673672,0.0
674673,6.289085538255273
675674,7.189095010862742
676675,0.0
677676,0.0
678677,0.0
679678,0.0
680679,38.64834562860468
681680,15.20735906962441
682681,14.068999190336067
683682,13.30797211664147
684683,12.731344204660386
685684,0.0
686685,4.662844399339045
687686,0.0
688687,0.0
689688,0.0
690689,0.0
691690,0.0
692691,0.0
693692,0.0
694693,0.0
695694,0.0
696695,6.348911404555451
697696,0.0
698697,0.0
699698,0.0
700699,0.0
701700,16.025267513769762
702701,0.0
703702,0.0
704703,17.992515319045015
705704,0.0
706705,0.0
707706,0.0
708707,0.0
709708,0.0
710709,0.0
711710,0.0
712711,0.0
713712,0.0
714713,0.0
715714,0.0
716715,0.0
717716,0.0
718717,0.0
719718,0.0
720719,0.0
721720,13.516138725050972
722721,0.0
723722,0.0
724723,0.0
725724,0.0
726725,0.0
727726,0.0
728727,0.0
729728,3.563191915294252
730729,9.999773679846015
731730,0.0
732731,13.325565004602465
733732,1.7942538552507372
734733,0.0
735734,0.0
736735,14.036284057188647
737736,0.0
738737,0.0
739738,10.023925938054283
740739,0.0
741740,0.0
742741,0.0
743742,0.0
744743,0.0
745744,0.0
746745,0.0
747746,0.0
748747,14.65321452953243
749748,0.0
750749,5.567973207702908
751750,0.0
752751,0.0
753752,0.0
754753,0.0
755754,0.0
756755,0.0
757756,17.001359703393852
758757,20.18848705260994
759758,25.037302283014164
760759,0.0
761760,0.0
762761,0.0
763762,0.0
764763,0.0
765764,17.0135007529597
766765,0.0
767766,0.0
768767,0.0
769768,0.0
770769,0.0
771770,13.777692884951785
772771,17.08903766129651
773772,13.543855447767138
774773,0.0
775774,0.0
776775,11.950276050659651
777776,0.0
778777,0.0
779778,0.0
780779,32.85067350666472
781780,0.0
782781,0.0
783782,0.0
784783,0.0
785784,19.841172320061567
786785,0.0
787786,0.0
788787,0.0
789788,0.0
790789,0.0
791790,14.527012989462357
792791,0.0
793792,0.0
794793,0.0
795794,26.184499356495046
796795,0.0
797796,0.0
798797,0.0
799798,11.497127688230224
800799,0.0
801800,10.03841735446888
802801,0.0
803802,7.957893457054832
804803,0.0
805804,0.0
806805,0.0
807806,0.0
808807,0.0
809808,28.88307124282177
810809,0.0
811810,0.0
812811,0.0
813812,0.0
814813,0.0
815814,0.0
816815,14.394641435227717
817816,0.0
818817,25.66474669149787
819818,0.0
820819,0.0
821820,14.222720547105746
822821,0.0
823822,0.0
824823,0.0
825824,0.0
826825,0.0
827826,0.0
828827,0.0
829828,0.0
830829,12.686785908395317
831830,0.0
832831,0.0
833832,0.0
834833,15.84803843105743
835834,14.384678935794682
836835,19.879003910740042
837836,8.339614439392493
838837,0.0
839838,14.056505817662119
840839,0.0
841840,12.701752082504719
842841,40.66593194016979
843842,0.0
844843,0.0
845844,0.0
846845,10.697104497898444
847846,0.0
848847,0.0
849848,0.0
850849,0.0
851850,16.367674315353096
852851,0.0
853852,0.0
854853,13.572769184157393
855854,0.0
856855,0.0
857856,0.0
858857,14.679221614561072
859858,0.0
860859,13.385036996097213
861860,0.0
862861,0.0
863862,0.0
864863,0.0
865864,0.0
866865,0.0
867866,3.7118167199182563
868867,0.0
869868,0.0
870869,0.0
871870,0.0
872871,0.0
873872,0.0
874873,8.123699972959027
875874,0.0
876875,19.07512347200742
877876,0.0
878877,0.0
879878,0.0
880879,0.0
881880,9.944881349334532
882881,0.0
883882,0.0
884883,0.0
885884,0.0
886885,0.0
887886,0.0
888887,38.0072039045576
889888,0.0
890889,0.0
891890,3.784424346691847
892891,2.7614188881624715
893892,0.0
894893,40.062010725428166
895894,0.0
896895,35.10066387429848
897896,0.0
898897,0.0
899898,0.0
900899,7.359093831507054
901900,3.5624096394023588
902901,0.0
903902,27.686924341019484
904903,0.0
905904,0.0
906905,0.0
907906,16.76467635367682
908907,0.0
909908,0.0
910909,0.0
911910,0.0
912911,0.0
913912,0.0
914913,2.705063465841362
915914,0.0
916915,0.0
917916,1.8086058338208506
918917,0.0
919918,25.085241114720752
920919,0.0
921920,0.0
922921,0.0
923922,0.0
924923,5.5934268128102245
925924,0.0
926925,0.0
927926,9.076777649645507
928927,0.0
929928,0.0
930929,0.0
931930,0.0
932931,0.0
933932,0.0
934933,0.0
935934,0.0
936935,0.0
937936,15.809470286859224
938937,15.816638459434685
939938,0.0
940939,0.0
941940,0.0
942941,0.0
943942,27.80712893162735
944943,0.0
945944,0.0
946945,0.0
947946,0.0
948947,0.0
949948,0.0
950949,0.0
951950,0.0
952951,17.786585310137088
953952,0.0
954953,0.0
955954,8.098669789254638
956955,0.0
957956,2.780320612419641
958957,4.5442960252268785
959958,0.0
960959,8.984293893249651
961960,0.0
962961,26.749201992954706
963962,0.0
964963,0.0
965964,0.0
966965,0.0
967966,0.0
968967,9.910280965973303
969968,19.285475418982006
970969,0.0
971970,0.0
972971,0.0
973972,0.0
974973,0.0
975974,0.0
976975,25.81620785376469
977976,13.126478241970888
978977,0.0
979978,0.0
980979,23.622751043901097
981980,0.0
982981,0.0
983982,0.0
984983,0.0
985984,0.0
986985,12.480201915585715
987986,0.0
988987,15.194570953041081
989988,0.0
990989,0.0
991990,0.0
992991,0.0
993992,28.104213305887747
994993,0.0
995994,0.0
996995,0.0
997996,0.0
998997,0.0
999998,0.0
1000999,17.79363627251904
1002000,0.0
1003001,0.0
1004002,0.0
1005003,0.0
1006004,8.229973535197868
1007005,0.0
1008006,0.0
1009007,9.79627355569097
1010008,0.0
1011009,14.35390951921266
1012010,13.553448222611522
1013011,0.0
1014012,0.0
1015013,0.0
1016014,10.197683406440614
1017015,12.3705698027581
1018016,0.0
1019017,22.956375102766422
1020018,0.0
1021019,0.0
1022020,0.0
1023021,0.0
1024022,0.0
1025023,0.0
1026024,30.725046851389813
1027025,0.0
1028026,0.0
1029027,0.0
1030028,0.0
1031029,9.35563736972488
1032030,0.0
1033031,0.0
1034032,29.2861139997521
1035033,0.0
1036034,2.735764110899126
1037035,22.07876644246363
1038036,25.73756796741322
1039037,0.0
1040038,22.12536260259466
1041039,0.0
1042040,0.0
1043041,0.0
1044042,33.54216550083982
1045043,0.0
1046044,0.0
1047045,15.841375108789576
1048046,0.0
1049047,23.844931249762126
1050048,0.0
1051049,0.0
1052050,0.0
1053051,6.282849664870208
1054052,0.0
1055053,0.0
1056054,0.0
1057055,0.0
1058056,26.40755297769815
1059057,0.0
1060058,16.649673556748354
1061059,12.47234260623119
1062060,0.0
1063061,0.0
1064062,19.690504037610065
1065063,13.654132727901185
1066064,0.0
1067065,0.0
1068066,22.32815938259984
1069067,0.0
1070068,0.0
1071069,0.0
1072070,0.0
1073071,12.627324311350652
1074072,0.0
1075073,0.0
1076074,0.0
1077075,20.465564301484527
1078076,0.0
1079077,0.0
1080078,3.762857547443553
1081079,0.0
1082080,0.0
1083081,0.0
1084082,17.9156044740623
1085083,0.0
1086084,0.0
1087085,0.0
1088086,10.711429070927297
1089087,0.0
1090088,9.898910110866833
1091089,0.0
1092090,15.095985509443638
1093091,0.0
1094092,0.0
1095093,16.146190108629376
1096094,0.0
1097095,20.32357199206569
1098096,21.26652833588206
1099097,0.0
1100098,0.0
1101099,0.0
1102100,0.0
1103101,26.29063375338865
1104102,0.0
1105103,0.0
1106104,48.40183692355196
1107105,0.0
1108106,0.0
1109107,24.94050486259629
1110108,8.938496016149834
1111109,7.2513128268690235
1112110,0.0
1113111,17.896367780942963
1114112,0.0
1115113,0.0
1116114,27.328258141974747
1117115,0.0
1118116,0.0
1119117,0.0
1120118,0.0
1121119,0.0
1122120,0.0
1123121,0.0
1124122,10.636141151885687
1125123,33.18720357659574
1126124,0.0
1127125,0.0
1128126,0.0
1129127,0.0
1130128,0.0
1131129,0.0
1132130,0.0
1133131,0.0
1134132,0.0
1135133,2.7408482020303566
1136134,0.0
1137135,13.509367765484015
1138136,0.0
1139137,0.0
1140138,20.205990285781034
1141139,0.0
1142140,0.0
1143141,10.912554286914425
1144142,0.0
1145143,0.0
1146144,0.0
1147145,0.0
1148146,0.0
1149147,0.0
1150148,21.388322603191956
1151149,0.0
1152150,7.216563542582787
1153151,17.538957566721113
1154152,0.0
1155153,0.0
1156154,17.310252464357305
1157155,17.214509444037727
1158156,0.0
1159157,0.0
1160158,9.764788425483403
1161159,0.0
1162160,0.0
1163161,0.0
1164162,0.0
1165163,0.0
1166164,0.0
1167165,0.0
1168166,0.0
1169167,0.0
1170168,0.0
1171169,0.0
1172170,13.469706501550977
1173171,0.0
1174172,28.314519470075957
1175173,0.0
1176174,14.306025884414753
1177175,0.0
1178176,0.0
1179177,0.0
1180178,0.0
1181179,0.0
1182180,24.205557599597217
1183181,0.0
1184182,0.0
1185183,11.83287540832968
1186184,0.0
1187185,0.0
1188186,0.0
1189187,0.0
1190188,0.0
1191189,7.524047392814612
1192190,6.302214457102527
1193191,0.0
1194192,0.0
1195193,7.956204487026909
1196194,16.387067612801403
1197195,13.509966822440283
1198196,0.0
1199197,0.0
1200198,0.0
1201199,0.0
1202200,17.055145620333008
1203201,0.0
1204202,8.219036374706237
1205203,0.0
1206204,0.0
1207205,7.9755230307717255
1208206,0.0
1209207,8.933024688661733
1210208,0.0
1211209,19.932117996826246
1212210,20.078117265472216
1213211,0.0
1214212,14.294194079089579
1215213,3.6484142867454796
1216214,0.0
1217215,22.840007923129473
1218216,0.0
1219217,0.0
1220218,16.025478883216152
1221219,0.0
1222220,0.0
1223221,0.0
1224222,10.793762191137732
1225223,0.0
1226224,3.6842701480543982
1227225,28.01152531424357
1228226,0.0
1229227,0.0
1230228,0.0
1231229,0.0
1232230,0.0
1233231,18.718126201634956
1234232,0.0
1235233,0.0
1236234,0.0
1237235,0.0
1238236,0.0
1239237,0.0
1240238,7.15903115322555
1241239,0.0
1242240,32.332363221303176
1243241,0.0
1244242,0.0
1245243,0.0
1246244,19.46800583713029
1247245,0.0
1248246,0.0
1249247,0.0
1250248,20.292713243709702
1251249,0.0
1252250,0.0
1253251,0.0
1254252,0.0
1255253,0.0
1256254,0.0
1257255,10.373162803657051
1258256,0.0
1259257,0.0
1260258,0.0
1261259,0.0
1262260,0.0
1263261,0.0
1264262,16.189989002471957
1265263,0.0
1266264,0.0
1267265,0.0
1268266,28.776968594119015
1269267,0.0
1270268,0.0
1271269,0.0
1272270,0.0
1273271,0.0
1274272,0.0
1275273,22.960047545457453
1276274,0.0
1277275,0.0
1278276,0.0
1279277,0.0
1280278,0.0
1281279,9.827784707631704
1282280,0.0
1283281,0.0
1284282,0.0
1285283,0.0
1286284,0.0
1287285,0.0
1288286,0.0
1289287,0.0
1290288,0.0
1291289,0.0
1292290,0.0
1293291,13.227759634802435
1294292,0.0
1295293,0.0
1296294,0.0
1297295,0.0
1298296,17.845312978040333
1299297,0.0
1300298,0.0
1301299,0.0
1302300,0.0
1303301,23.53258777370268
1304302,14.413676979161401
1305303,0.0
1306304,19.846345143286936
1307305,0.0
1308306,0.0
1309307,0.0
1310308,0.0
1311309,10.82707228398325
1312310,0.0
1313311,0.0
1314312,0.0
1315313,15.25412594286126
1316314,0.0
1317315,14.523926230756372
1318316,0.0
1319317,1.8813050459377199
1320318,0.0
1321319,0.0
1322320,0.0
1323321,14.368029528549444
1324322,0.0
1325323,0.0
1326324,19.89054998540721
1327325,0.0
1328326,0.0
1329327,0.0
1330328,0.0
1331329,0.0
1332330,0.0
1333331,0.0
1334332,0.0
1335333,0.0
1336334,0.0
1337335,0.0
1338336,0.0
1339337,34.46524066183208
1340338,20.21345588927375
1341339,0.0
1342340,8.24010493330766
1343341,22.977680587460206
1344342,3.6634318801575625
1345343,0.0
1346344,17.155867168597783
1347345,0.0
1348346,0.0
1349347,17.292622532282397
1350348,8.573426969175856
1351349,0.0
1352350,0.0
1353351,0.0
1354352,0.0
1355353,0.0
1356354,0.0
1357355,0.0
1358356,4.665487723417769
1359357,14.415389266677776
1360358,0.0
1361359,3.7383833180250834
1362360,0.0
1363361,0.0
1364362,13.680188725042118
1365363,0.0
1366364,17.241963850039397
1367365,0.0
1368366,10.417523951524398
1369367,0.0
1370368,0.0
1371369,0.0
1372370,0.0
1373371,0.0
1374372,0.0
1375373,5.533653562392471
1376374,15.189524054391267
1377375,0.0
1378376,12.669161238019225
1379377,0.0
1380378,0.0
1381379,0.0
1382380,0.0
1383381,0.0
1384382,0.0
1385383,0.0
1386384,0.0
1387385,0.0
1388386,0.0
1389387,0.0
1390388,0.0
1391389,0.0
1392390,0.0
1393391,0.0
1394392,19.819249909791335
1395393,0.0
1396394,6.431634651723404
1397395,3.6640598153745296
1398396,0.0
1399397,33.501619739362916
1400398,0.0
1401399,0.0
1402400,9.885197569023882
1403401,13.691482515554947
1404402,0.0
1405403,0.0
1406404,0.0
1407405,0.0
1408406,0.0
1409407,15.241614629198747
1410408,0.0
1411409,14.642755851981674
1412410,0.0
1413411,5.490113746086809
1414412,0.0
1415413,19.667845018397962
1416414,0.0
1417415,0.0
1418416,0.0
1419417,0.0
1420418,0.0
1421419,3.721182959166434
1422420,37.72149685950186
1423421,0.0
1424422,15.30714057879915
1425423,19.636278843580303
1426424,0.0
1427425,0.0
1428426,0.0
1429427,14.18336632236505
1430428,0.0
1431429,0.0
1432430,0.0
1433431,0.0
1434432,3.544976689544669
1435433,0.0
1436434,0.0
1437435,0.0
1438436,0.0
1439437,0.0
1440438,0.0
1441439,0.0
1442440,16.26094629829745
1443441,13.615588138039653
1444442,0.0
1445443,0.0
1446444,0.0
1447445,0.0
1448446,0.0
1449447,17.05499743292129
1450448,0.0
1451449,17.16420334016111
1452450,0.0
1453451,31.55418693929638
1454452,0.0
1455453,0.0
1456454,17.2464920777861
1457455,0.0
1458456,0.0
1459457,0.0
1460458,0.0
1461459,0.0
1462460,13.594655986023266
1463461,0.0
1464462,0.0
1465463,15.374310974940897
1466464,0.0
1467465,17.46148339246308
1468466,0.0
1469467,19.231679688090445
1470468,0.0
1471469,0.0
1472470,0.0
1473471,0.0
1474472,0.0
1475473,0.0
1476474,0.0
1477475,0.0
1478476,41.03155990643716
1479477,0.0
1480478,3.655532401862453
1481479,0.0
1482480,23.438132624574845
1483481,0.0
1484482,0.0
1485483,0.0
1486484,0.0
1487485,0.0
1488486,0.0
1489487,0.0
1490488,0.0
1491489,11.914007284156096
1492490,0.0
1493491,0.0
1494492,0.0
1495493,0.0
1496494,0.0
1497495,5.462517283209434
1498496,0.0
1499497,14.474578462708635
1500498,0.0
1501499,18.314343968366522
1502500,14.571582238938982
1503501,0.0
1504502,23.446912658865187
1505503,13.357359105767314
1506504,16.284455398833046
1507505,0.0
1508506,12.738649644284774
1509507,0.0
1510508,0.0
1511509,15.189435042605705
1512510,0.0
1513511,10.113830524779047
1514512,16.793861916736688
1515513,11.073534319933492
1516514,0.0
1517515,8.412753747867406
1518516,23.697110384799156
1519517,0.0
1520518,22.420398058915058
1521519,5.472300142149007
1522520,7.465445107464651
1523521,0.0
1524522,0.0
1525523,16.34914951213728
1526524,0.0
1527525,15.313971115738775
1528526,0.0
1529527,0.0
1530528,0.0
1531529,0.0
1532530,0.0
1533531,0.0
1534532,18.92355185361951
1535533,17.867405211010734
1536534,15.350713644999358
1537535,5.476942917679057
1538536,0.0
1539537,23.378336501448217
1540538,0.0
1541539,0.0
1542540,0.0
1543541,17.103192458264363
1544542,0.0
1545543,0.0
1546544,0.0
1547545,21.09824183443109
1548546,0.0
1549547,0.0
1550548,0.0
1551549,0.0
1552550,0.0
1553551,4.602674536416886
1554552,0.0
1555553,0.0
1556554,0.0
1557555,13.610065473796695
1558556,0.0
1559557,0.0
1560558,0.0
1561559,0.0
1562560,0.0
1563561,0.0
1564562,0.0
1565563,0.0
1566564,0.0
1567565,0.0
1568566,0.0
1569567,18.177739032026842
1570568,9.928108020019458
1571569,0.0
1572570,12.693761926593965
1573571,0.0
1574572,0.0
1575573,22.23687097237886
1576574,0.0
1577575,0.0
1578576,0.0
1579577,0.0
1580578,27.971846122077686
1581579,0.0
1582580,0.0
1583581,0.0
1584582,0.0
1585583,0.0
1586584,0.0
1587585,0.0
1588586,5.460448134764945
1589587,0.0
1590588,0.0
1591589,33.01361373577811
1592590,0.0
1593591,0.0
1594592,0.0
1595593,0.0
1596594,0.0
1597595,0.0
1598596,0.0
1599597,0.0
1600598,14.445265318515656
1601599,0.0
1602600,20.7143113934276
1603601,0.0
1604602,0.0
1605603,0.0
1606604,0.0
1607605,0.0
1608606,23.344618977956987
1609607,7.2074738021498295
1610608,0.0
1611609,0.0
1612610,0.0
1613611,19.85818915630179
1614612,0.0
1615613,0.0
1616614,5.557777197144634
1617615,0.0
1618616,0.0
1619617,0.0
1620618,0.0
1621619,0.0
1622620,0.0
1623621,0.0
1624622,14.615587007633417
1625623,0.0
1626624,0.0
1627625,0.0
1628626,0.0
1629627,5.471444912595878
1630628,0.0
1631629,0.0
1632630,0.0
1633631,0.0
1634632,11.437488702833985
1635633,0.0
1636634,0.0
1637635,7.361165868961595
1638636,0.0
1639637,0.0
1640638,0.0
1641639,34.80694522764618
1642640,11.987697793982985
1643641,22.797179993074995
1644642,0.0
1645643,0.0
1646644,11.73171546066605
1647645,0.0
1648646,0.0
1649647,0.0
1650648,0.0
1651649,0.0
1652650,0.0
1653651,0.0
1654652,17.238179306962405
1655653,0.0
1656654,0.0
1657655,0.0
1658656,0.0
1659657,0.0
1660658,0.0
1661659,0.0
1662660,0.0
1663661,0.0
1664662,0.877317170759962
1665663,0.0
1666664,16.39146575510721
1667665,0.0
1668666,0.0
1669667,13.874210931297076
1670668,0.0
1671669,0.0
1672670,0.0
1673671,0.0
1674672,0.0
1675673,0.0
1676674,0.0
1677675,0.0
1678676,0.0
1679677,25.797330921600913
1680678,23.05566969591704
1681679,0.0
1682680,0.0
1683681,0.0
1684682,0.0
1685683,15.677666101196605
1686684,0.0
1687685,0.0
1688686,0.0
1689687,0.0
1690688,4.6778800044608095
1691689,0.0
1692690,17.193232850638665
1693691,0.0
1694692,0.0
1695693,0.0
1696694,0.0
1697695,0.0
1698696,19.726027851303527
1699697,0.0
1700698,0.0
1701699,17.899045155676216
1702700,30.059445452829827
1703701,16.494684659233645
1704702,0.0
1705703,0.0
1706704,0.0
1707705,0.0
1708706,0.0
1709707,0.0
1710708,17.708190853889455
1711709,0.0
1712710,0.0
1713711,0.0
1714712,27.94706521689664
1715713,0.0
1716714,0.0
1717715,0.0
1718716,0.0
1719717,7.565216702566098
1720718,0.0
1721719,2.7963151840893286
1722720,0.0
1723721,0.0
1724722,0.9738689273330634
1725723,0.0
1726724,14.20946794190274
1727725,0.0
1728726,0.0
1729727,0.0
1730728,0.0
1731729,22.183663549525413
1732730,16.40381715274135
1733731,0.0
1734732,0.0
1735733,0.0
1736734,0.0
1737735,0.0
1738736,35.67618503854362
1739737,0.0
1740738,0.0
1741739,19.878923569929917
1742740,0.0
1743741,13.586225298643265
1744742,33.48684517759611
1745743,0.0
1746744,14.265001062689977
1747745,0.0
1748746,0.0
1749747,0.0
1750748,0.0
1751749,18.70372407391627
1752750,0.0
1753751,12.72662155400068
1754752,0.0
1755753,10.93165625870029
1756754,0.0
1757755,0.0
1758756,0.0
1759757,0.0
1760758,0.0
1761759,0.0
1762760,0.0
1763761,0.0
1764762,0.0
1765763,0.0
1766764,0.0
1767765,0.0
1768766,0.0
1769767,0.0
1770768,0.0
1771769,41.63620816450429
1772770,0.0
1773771,0.0
1774772,0.0
1775773,0.0
1776774,0.0
1777775,0.0
1778776,19.44403055597755
1779777,0.0
1780778,22.80912048804437
1781779,0.0
1782780,0.0
1783781,0.0
1784782,0.0
1785783,0.0
1786784,0.0
1787785,0.0
1788786,0.0
1789787,0.0
1790788,0.0
1791789,8.241062432213358
1792790,0.0
1793791,0.0
1794792,15.21727375626873
1795793,0.0
1796794,0.0
1797795,0.0
1798796,0.0
1799797,24.660713142862082
1800798,14.35832068687202
1801799,0.0
1802800,0.0
1803801,10.526176155787589
1804802,0.0
1805803,19.823875558097484
1806804,0.0
1807805,0.0
1808806,0.0
1809807,0.0
1810808,0.0
1811809,14.487700523509885
1812810,0.0
1813811,0.0
1814812,0.0
1815813,0.0
1816814,0.0
1817815,0.0
1818816,7.311585615329625
1819817,0.0
1820818,15.037633084975134
1821819,18.98014337888732
1822820,0.0
1823821,0.0
1824822,0.0
1825823,0.0
1826824,0.0
1827825,0.0
1828826,0.0
1829827,0.0
1830828,0.0
1831829,20.1004837028716
1832830,0.0
1833831,0.0
1834832,0.0
1835833,0.0
1836834,0.0
1837835,13.736350776561938
1838836,0.0
1839837,20.95936927739242
1840838,0.0
1841839,0.0
1842840,0.0
1843841,0.0
1844842,0.0
1845843,0.0
1846844,0.0
1847845,0.0
1848846,0.0
1849847,0.0
1850848,8.06783031195324
1851849,0.0
1852850,29.79217931574236
1853851,3.50168025873584
1854852,0.0
1855853,47.950325679715924
1856854,0.0
1857855,8.262529563245193
1858856,0.0
1859857,0.0
1860858,0.0
1861859,0.0
1862860,0.0
1863861,0.0
1864862,8.397855174581487
1865863,0.0
1866864,0.0
1867865,0.0
1868866,21.33114541051327
1869867,0.0
1870868,36.70648914848248
1871869,0.0
1872870,23.090636950910472
1873871,0.0
1874872,0.0
1875873,0.0
1876874,22.87534205068434
1877875,0.0
1878876,17.611439047422447
1879877,27.721677340359395
1880878,0.0
1881879,0.0
1882880,0.0
1883881,0.0
1884882,2.6151439348243852
1885883,0.0
1886884,0.0
1887885,27.608956029041494
1888886,0.0
1889887,0.0
1890888,0.0
1891889,0.0
1892890,0.0
1893891,0.0
1894892,0.0
1895893,0.0
1896894,16.028903560685116
1897895,0.0
1898896,0.0
1899897,16.51205398785723
1900898,0.0
1901899,0.0
1902900,0.0
1903901,0.0
1904902,0.0
1905903,0.0
1906904,0.0
1907905,0.0
1908906,7.294955353380433
1909907,0.0
1910908,0.0
1911909,0.0
1912910,0.0
1913911,0.0
1914912,0.0
1915913,24.07368412355648
1916914,0.0
1917915,0.0
1918916,0.0
1919917,9.13775242905425
1920918,0.0
1921919,0.0
1922920,0.0
1923921,0.0
1924922,11.757309614431168
1925923,0.0
1926924,0.0
1927925,17.078954156191557
1928926,0.0
1929927,3.7167803659915735
1930928,0.0
1931929,0.0
1932930,0.0
1933931,0.0
1934932,22.441896570069723
1935933,30.58706367350817
1936934,0.0
1937935,0.0
1938936,18.79575861914706
1939937,21.51952606004104
1940938,0.0
1941939,0.0
1942940,0.0
1943941,15.686072415697609
1944942,0.0
1945943,0.0
1946944,0.0
1947945,0.0
1948946,7.959845201053507
1949947,0.0
1950948,5.5912351628825325
1951949,0.0
1952950,0.0
1953951,0.0
1954952,0.0
1955953,0.0
1956954,0.0
1957955,15.005162547837516
1958956,0.0
1959957,0.0
1960958,17.043061549810503
1961959,0.0
1962960,5.222418365409059
1963961,0.0
1964962,0.0
1965963,0.0
1966964,0.0
1967965,3.807702326199772
1968966,0.0
1969967,0.0
1970968,0.0
1971969,0.0
1972970,32.85871858098646
1973971,8.27309703592238
1974972,0.0
1975973,0.0
1976974,0.0
1977975,39.18977182310476
1978976,0.0
1979977,0.0
1980978,21.7364899912364
1981979,18.367067061828042
1982980,0.0
1983981,0.0
1984982,0.0
1985983,6.377701318791813
1986984,0.0
1987985,8.08588138885854
1988986,0.0
1989987,24.641623749141214
1990988,15.210361252358247
1991989,11.805512120540527
1992990,0.0
1993991,40.17536353276048
1994992,0.0
1995993,22.708275192864257
1996994,0.0
1997995,0.0
1998996,0.0
1999997,0.0
2000998,0.0
2001999,0.0
2003000,0.0
2004001,13.598264923820189
2005002,0.0
2006003,0.0
2007004,0.0
2008005,0.0
2009006,0.0
2010007,0.0
2011008,19.633364516787967
2012009,0.0
2013010,0.0
2014011,0.0
2015012,2.6865033945375174
2016013,0.0
2017014,21.70422294640862
2018015,0.0
2019016,0.0
2020017,15.34370573620975
2021018,13.489730899979497
2022019,0.0
2023020,0.0
2024021,0.0
2025022,4.542347304751514
2026023,0.0
2027024,5.50467605744905
2028025,0.0
2029026,0.0
2030027,0.0
2031028,0.0
2032029,0.0
2033030,23.11518747546538
2034031,0.0
2035032,12.754399124934071
2036033,0.0
2037034,0.0
2038035,0.0
2039036,10.697095368655352
2040037,5.579051857904224
2041038,0.0
2042039,0.0
2043040,0.0
2044041,0.0
2045042,0.0
2046043,0.0
2047044,21.264239279345592
2048045,10.035355250132286
2049046,0.0
2050047,14.591067356819302
2051048,0.0
2052049,14.212669988563695
2053050,0.0
2054051,0.0
2055052,0.0
2056053,0.0
2057054,0.0
2058055,0.0
2059056,0.0
2060057,0.0
2061058,13.66175219829218
2062059,0.0
2063060,0.0
2064061,8.366102047843757
2065062,0.0
2066063,0.0
2067064,0.0
2068065,0.0
2069066,0.0
2070067,19.299372476481967
2071068,0.0
2072069,0.0
2073070,0.0
2074071,0.0
2075072,4.75488668903407
2076073,0.0
2077074,0.0
2078075,0.0
2079076,0.0
2080077,19.923574654850736
2081078,0.0
2082079,0.0
2083080,12.687410894916374
2084081,0.0
2085082,18.754395645715686
2086083,0.0
2087084,0.0
2088085,1.8373501871290427
2089086,0.0
2090087,0.0
2091088,0.0
2092089,7.50199931618163
2093090,0.0
2094091,0.0
2095092,0.0
2096093,0.0
2097094,0.0
2098095,0.0
2099096,1.849622143411795
2100097,0.0
2101098,0.0
2102099,0.0
2103100,0.0
2104101,0.0
2105102,0.0
2106103,0.0
2107104,0.0
2108105,20.046841568361724
2109106,0.0
2110107,0.0
2111108,0.0
2112109,0.0
2113110,0.0
2114111,0.0
2115112,8.515188252799025
2116113,0.0
2117114,0.0
2118115,0.0
2119116,39.46648696193556
2120117,0.0
2121118,14.294238324854549
2122119,0.0
2123120,16.45164009354589
2124121,0.0
2125122,0.0
2126123,0.0
2127124,16.56180094273909
2128125,0.0
2129126,0.0
2130127,0.0
2131128,14.713004997586527
2132129,0.0
2133130,0.0
2134131,0.0
2135132,17.93950222024269
2136133,0.0
2137134,19.98951934366507
2138135,34.82826615356615
2139136,13.106329619140855
2140137,0.0
2141138,0.9349429532655072
2142139,9.955200129164725
2143140,0.0
2144141,0.0
2145142,16.216712169339765
2146143,0.0
2147144,36.71382276789122
2148145,0.0
2149146,0.0
2150147,0.0
2151148,0.0
2152149,36.84280931259721
2153150,0.0
2154151,20.715054002372867
2155152,4.606017063047842
2156153,18.231182191076098
2157154,4.581282879733657
2158155,0.0
2159156,17.363146366497244
2160157,0.0
2161158,0.0
2162159,39.71180215162434
2163160,28.99428448594262
2164161,0.0
2165162,0.0
2166163,0.0
2167164,0.0
2168165,0.0
2169166,0.0
2170167,6.480215858915539
2171168,14.983939843494584
2172169,7.244995766691747
2173170,0.0
2174171,0.0
2175172,23.056998133332144
2176173,0.0
2177174,31.771750576965818
2178175,0.0
2179176,11.477056908170573
2180177,0.0
2181178,0.0
2182179,0.0
2183180,0.0
2184181,0.0
2185182,0.0
2186183,0.0
2187184,0.0
2188185,0.0
2189186,19.11101777583684
2190187,13.944045493768135
2191188,29.523885514886985
2192189,0.0
2193190,23.249193408201034
2194191,0.0
2195192,0.0
2196193,0.0
2197194,16.607091735128673
2198195,18.718717778379375
2199196,0.0
2200197,5.60680199859143
2201198,0.0
2202199,12.50373506427663
2203200,12.75988261391301
2204201,0.0
2205202,0.0
2206203,0.0
2207204,0.0
2208205,0.0
2209206,15.711374103903436
2210207,0.0
2211208,0.0
2212209,10.101772570755681
2213210,10.940113711645802
2214211,0.0
2215212,0.0
2216213,6.702522795189372
2217214,0.0
2218215,0.0
2219216,6.271333225939265
2220217,0.0
2221218,0.0
2222219,0.0
2223220,0.0
2224221,19.89059164423473
2225222,0.0
2226223,0.0
2227224,0.0
2228225,0.0
2229226,0.0
2230227,15.367798682358318
2231228,0.0
2232229,0.0
2233230,0.0
2234231,0.0
2235232,9.067900063594111
2236233,9.156795822125302
2237234,15.418348865313177
2238235,0.0
2239236,0.0
2240237,23.581881861494416
2241238,0.0
2242239,0.0
2243240,6.31350427562006
2244241,0.0
2245242,0.0
2246243,27.191546309319587
2247244,14.311826891081573
2248245,0.0
2249246,0.0
2250247,0.0
2251248,0.0
2252249,0.0
2253250,0.0
2254251,57.865639240537156
2255252,4.501857754213038
2256253,0.0
2257254,0.0
2258255,0.0
2259256,10.15583803225072
2260257,0.0
2261258,18.971659883883714
2262259,0.0
2263260,34.97922451289858
2264261,28.194083626877443
2265262,28.506712987250047
2266263,0.0
2267264,1.93233775819172
2268265,0.0
2269266,0.0
2270267,0.0
2271268,0.0
2272269,0.0
2273270,0.0
2274271,15.031178429808998
2275272,0.0
2276273,6.648961978391795
2277274,5.508425720109414
2278275,0.0
2279276,0.0
2280277,20.113263090000668
2281278,0.0
2282279,0.0
2283280,0.0
2284281,0.0
2285282,0.0
2286283,0.0
2287284,0.0
2288285,0.0
2289286,0.0
2290287,19.831274121779856
2291288,0.0
2292289,14.626682707837011
2293290,0.0
2294291,0.0
2295292,0.0
2296293,0.0
2297294,0.0
2298295,14.721286187164802
2299296,0.0
2300297,19.650940258116584
2301298,0.0
2302299,0.0
2303300,0.0
2304301,0.0
2305302,0.0
2306303,8.395323811880708
2307304,21.618678540713603
2308305,0.0
2309306,0.0
2310307,5.544642488099662
2311308,0.0
2312309,0.0
2313310,0.0
2314311,0.0
2315312,23.896355170354916
2316313,0.0
2317314,0.0
2318315,6.859896345656557
2319316,0.0
2320317,6.385629433508951
2321318,0.0
2322319,0.0
2323320,0.0
2324321,0.0
2325322,0.0
2326323,10.869794561895489
2327324,0.0
2328325,0.0
2329326,0.0
2330327,0.0
2331328,0.0
2332329,9.818652955347726
2333330,23.9634454465227
2334331,8.478738601062526
2335332,12.73538953796043
2336333,0.0
2337334,0.0
2338335,0.0
2339336,0.0
2340337,0.0
2341338,38.839527321783436
2342339,0.0
2343340,0.0
2344341,11.619284303528
2345342,10.250162730268114
2346343,0.0
2347344,0.0
2348345,0.0
2349346,16.220823265261515
2350347,0.0
2351348,0.0
2352349,18.99612340160013
2353350,12.189392233290857
2354351,31.371276875831924
2355352,0.0
2356353,14.289489111675486
2357354,0.0
2358355,0.0
2359356,22.561993692847143
2360357,0.0
2361358,0.0
2362359,13.533037316574514
2363360,0.0
2364361,0.0
2365362,17.855928278264788
2366363,14.275460566791049
2367364,0.0
2368365,10.152011776392026
2369366,11.509982462696486
2370367,10.757306213919508
2371368,0.0
2372369,3.748626055668893
2373370,0.0
2374371,0.0
2375372,0.0
2376373,0.0
2377374,17.82691961554671
2378375,0.0
2379376,0.0
2380377,0.0
2381378,30.723224677981264
2382379,0.0
2383380,0.0
2384381,0.0
2385382,0.0
2386383,0.0
2387384,0.0
2388385,0.0
2389386,0.0
2390387,17.200291154513657
2391388,19.06713628427304
2392389,0.0
2393390,25.342083108996015
2394391,0.0
2395392,0.0
2396393,0.0
2397394,0.0
2398395,0.0
2399396,0.0
2400397,16.996716533444296
2401398,10.604280815014278
2402399,0.0
2403400,0.0
2404401,6.5228861838460475
2405402,0.0
2406403,12.773328921389282
2407404,27.351607002578707
2408405,0.0
2409406,0.0
2410407,0.0
2411408,0.0
2412409,0.0
2413410,2.8082934830291784
2414411,0.0
2415412,37.29185303502299
2416413,2.594586818375067
2417414,0.0
2418415,0.0
2419416,0.0
2420417,0.0
2421418,0.0
2422419,0.0
2423420,0.0
2424421,54.080395766320315
2425422,0.0
2426423,0.0
2427424,6.2936708008158675
2428425,15.565780320807733
2429426,0.0
2430427,0.0
2431428,0.0
2432429,0.0
2433430,0.0
2434431,0.0
2435432,0.0
2436433,0.0
2437434,0.0
2438435,0.0
2439436,0.0
2440437,0.0
2441438,0.0
2442439,0.0
2443440,0.0
2444441,0.0
2445442,0.0
2446443,15.664881777837651
2447444,0.0
2448445,4.408401510535648
2449446,0.0
2450447,14.84790018565527
2451448,0.0
2452449,0.0
2453450,0.0
2454451,11.957332222098024
2455452,18.708225122226615
2456453,6.613978056234428
2457454,20.884708442574595
2458455,0.0
2459456,0.0
2460457,0.0
2461458,28.33758980897088
2462459,0.0
2463460,0.0
2464461,37.767763105544574
2465462,0.0
2466463,0.0
2467464,23.002321583602935
2468465,4.577130622527204
2469466,0.0
2470467,0.0
2471468,0.0
2472469,14.273170534973794
2473470,0.0
2474471,0.0
2475472,0.0
2476473,0.0
2477474,0.0
2478475,0.0
2479476,0.0
2480477,0.0
2481478,14.967781313028727
2482479,0.0
2483480,0.0
2484481,0.0
2485482,0.0
2486483,0.0
2487484,0.0
2488485,14.401445376598987
2489486,0.0
2490487,0.0
2491488,14.431497031717557
2492489,0.0
2493490,0.0
2494491,0.0
2495492,0.0
2496493,0.0
2497494,0.0
2498495,0.0
2499496,0.0
2500497,0.0
2501498,0.0
2502499,0.0
2503500,0.0
2504501,0.0
2505502,0.0
2506503,0.0
2507504,0.0
2508505,0.0
2509506,0.0
2510507,0.0
2511508,24.049789118307075
2512509,8.312695979020974
2513510,0.0
2514511,16.5116857283345
2515512,0.0
2516513,17.219795014372412
2517514,0.0
2518515,0.0
2519516,0.0
2520517,0.0
2521518,43.14067927105242
2522519,9.012266305294181
2523520,0.0
2524521,0.0
2525522,18.966733032876036
2526523,22.186923985061007
2527524,0.0
2528525,0.0
2529526,0.0
2530527,0.0
2531528,0.0
2532529,0.0
2533530,0.0
2534531,0.0
2535532,15.441123786731351
2536533,0.0
2537534,0.0
2538535,22.386312511187953
2539536,21.73285604082027
2540537,13.617789724336866
2541538,37.23667747803144
2542539,0.0
2543540,0.0
2544541,9.182559576211874
2545542,0.0
2546543,0.0
2547544,0.0
2548545,0.0
2549546,0.0
2550547,0.0
2551548,0.0
2552549,0.0
2553550,0.0
2554551,0.0
2555552,0.0
2556553,14.975166307905434
2557554,0.0
2558555,0.0
2559556,0.0
2560557,0.0
2561558,4.7026277976166355
2562559,0.0
2563560,0.0
2564561,0.0
2565562,0.0
2566563,0.0
2567564,15.327413188917289
2568565,0.0
2569566,0.0
2570567,0.0
2571568,23.200323583038823
2572569,0.0
2573570,0.0
2574571,0.0
2575572,0.0
2576573,35.969921458504736
2577574,0.0
2578575,0.0
2579576,0.0
2580577,0.0
2581578,0.0
2582579,0.0
2583580,3.7848662730077036
2584581,0.0
2585582,0.0
2586583,20.38076609026061
2587584,10.992704421072776
2588585,2.8780065814451157
2589586,13.537465327057811
2590587,6.332808783775907
2591588,0.0
2592589,0.0
2593590,0.0
2594591,23.076215263488297
2595592,0.0
2596593,0.0
2597594,0.0
2598595,0.0
2599596,16.359080831673378
2600597,0.0
2601598,15.47841047210443
2602599,1.8616843685367677
2603600,0.0
2604601,11.948667278407333
2605602,5.5334082609718225
2606603,0.0
2607604,36.33541446318143
2608605,31.882322439782186
2609606,6.385123751006549
2610607,0.0
2611608,0.0
2612609,0.0
2613610,4.634415577004055
2614611,0.0
2615612,0.0
2616613,0.0
2617614,0.0
2618615,0.0
2619616,0.0
2620617,2.8369891462994326
2621618,0.0
2622619,0.0
2623620,0.0
2624621,0.0
2625622,0.0
2626623,0.0
2627624,11.717726971125716
2628625,13.26293216257149
2629626,0.0
2630627,0.0
2631628,0.0
2632629,0.0
2633630,0.0
2634631,35.26519549330891
2635632,11.27088711553763
2636633,0.0
2637634,0.0
2638635,5.549675144650144
2639636,0.0
2640637,0.0
2641638,0.0
2642639,35.73746941608534
2643640,0.0
2644641,0.0
2645642,7.665578046217008
2646643,0.0
2647644,0.0
2648645,0.0
2649646,21.697291181795165
2650647,0.0
2651648,18.580164425698932
2652649,0.0
2653650,24.03421118076045
2654651,0.0
2655652,12.881639969757936
2656653,17.555845909983926
2657654,0.0
2658655,0.0
2659656,0.0
2660657,0.0
2661658,19.053240057213422
2662659,0.0
2663660,10.883554207175225
2664661,0.0
2665662,16.46814813585201
2666663,0.0
2667664,4.394399040883998
2668665,0.0
2669666,0.0
2670667,0.0
2671668,8.184873060470313
2672669,0.0
2673670,0.0
2674671,0.0
2675672,14.571208579422008
2676673,0.0
2677674,0.0
2678675,0.0
2679676,0.0
2680677,0.0
2681678,0.0
2682679,0.0
2683680,15.834393281309305
2684681,10.840020021108268
2685682,0.0
2686683,9.95752831317153
2687684,16.933561467887355
2688685,0.0
2689686,0.0
2690687,0.0
2691688,0.0
2692689,4.671649653653021
2693690,0.0
2694691,11.655714772417575
2695692,0.0
2696693,0.0
2697694,16.426020249211245
2698695,0.0
2699696,0.0
2700697,0.0
2701698,14.39914081067458
2702699,0.0
2703700,0.0
2704701,3.7216428224380187
2705702,0.0
2706703,0.0
2707704,0.0
2708705,0.0
2709706,0.0
2710707,0.0
2711708,0.0
2712709,0.0
2713710,14.4193399127997
2714711,0.0
2715712,0.0
2716713,0.0
2717714,0.0
2718715,0.0
2719716,0.0
2720717,0.0
2721718,0.0
2722719,0.0
2723720,17.21528119767643
2724721,0.0
2725722,18.999283682497868
2726723,0.0
2727724,0.0
2728725,0.0
2729726,0.0
2730727,0.0
2731728,0.0
2732729,10.082721340421859
2733730,0.0
2734731,10.942006503343462
2735732,12.802796243791743
2736733,0.0
2737734,0.0
2738735,0.0
2739736,0.0
2740737,16.4519004792448
2741738,0.0
2742739,0.0
2743740,0.0
2744741,0.0
2745742,0.0
2746743,0.0
2747744,0.0
2748745,0.0
2749746,2.827813880935545
2750747,0.0
2751748,0.0
2752749,0.0
2753750,0.0
2754751,0.0
2755752,0.0
2756753,30.936667734289173
2757754,0.0
2758755,0.0
2759756,0.0
2760757,0.0
2761758,16.035752767743567
2762759,0.0
2763760,0.0
2764761,0.0
2765762,0.0
2766763,0.0
2767764,0.0
2768765,0.0
2769766,0.0
2770767,0.0
2771768,11.956667356131993
2772769,15.167097895909082
2773770,25.012846576135285
2774771,0.0
2775772,10.162779572654616
2776773,0.0
2777774,12.485326744405334
2778775,0.0
2779776,0.0
2780777,12.209007192013093
2781778,17.73669746041428
2782779,0.0
2783780,0.0
2784781,0.0
2785782,0.0
2786783,22.63618178012081
2787784,0.0
2788785,0.0
2789786,0.0
2790787,5.237796596193315
2791788,0.0
2792789,0.0
2793790,0.0
2794791,0.0
2795792,32.8881390685437
2796793,8.701896667664299
2797794,0.0
2798795,0.0
2799796,0.0
2800797,0.0
2801798,18.269032977630886
2802799,0.0
2803800,0.0
2804801,0.0
2805802,0.0
2806803,0.0
2807804,0.0
2808805,19.27895193711872
2809806,6.5565074530147225
2810807,6.499996945797812
2811808,0.0
2812809,0.0
2813810,0.0
2814811,15.523289050557702
2815812,0.0
2816813,0.0
2817814,0.0
2818815,0.0
2819816,10.118805116181928
2820817,0.0
2821818,0.0
2822819,0.0
2823820,0.0
2824821,0.0
2825822,30.17547826337483
2826823,13.698539657957342
2827824,0.0
2828825,0.0
2829826,14.942409357851977
2830827,0.0
2831828,7.080477218052024
2832829,0.0
2833830,21.807606918662696
2834831,0.0
2835832,0.0
2836833,0.0
2837834,0.0
2838835,0.9905417169825703
2839836,0.0
2840837,0.0
2841838,0.0
2842839,6.312103782889862
2843840,0.0
2844841,0.0
2845842,0.0
2846843,0.0
2847844,5.410080063145491
2848845,0.0
2849846,0.0
2850847,0.0
2851848,13.586278494949445
2852849,0.0
2853850,0.0
2854851,5.424450607498132
2855852,0.0
2856853,0.0
2857854,0.0
2858855,0.0
2859856,28.8916316147584
2860857,7.415970499413223
2861858,15.717666505738014
2862859,0.0
2863860,0.0
2864861,0.0
2865862,0.0
2866863,10.938341272551252
2867864,29.874669140632275
2868865,0.0
2869866,0.0
2870867,18.45210743499532
2871868,0.0
2872869,0.0
2873870,0.0
2874871,0.0
2875872,0.0
2876873,30.7571923489139
2877874,0.0
2878875,1.7762341092897036
2879876,19.131186356068696
2880877,0.0
2881878,0.0
2882879,0.0
2883880,0.0
2884881,0.0
2885882,0.0
2886883,0.0
2887884,16.626739977597936
2888885,14.572712096695906
2889886,0.0
2890887,0.0
2891888,0.0
2892889,0.0
2893890,0.0
2894891,0.0
2895892,7.97984128937044
2896893,0.0
2897894,0.0
2898895,0.0
2899896,0.0
2900897,0.0
2901898,0.0
2902899,0.0
2903900,0.0
2904901,0.0
2905902,0.0
2906903,0.0
2907904,11.535891531726747
2908905,0.0
2909906,15.539724434494232
2910907,0.0
2911908,0.0
2912909,0.0
2913910,11.227304080369265
2914911,18.22536569647531
2915912,23.456184479216
2916913,0.0
2917914,0.0
2918915,0.0
2919916,0.0
2920917,0.0
2921918,0.0
2922919,0.0
2923920,0.0
2924921,0.0
2925922,0.0
2926923,0.0
2927924,0.0
2928925,0.0
2929926,0.0
2930927,0.0
2931928,0.0
2932929,0.0
2933930,0.0
2934931,0.0
2935932,0.0
2936933,0.0
2937934,23.34854578329351
2938935,0.0
2939936,0.0
2940937,0.0
2941938,19.072910570613377
2942939,0.0
2943940,0.0
2944941,11.82842577625381
2945942,0.0
2946943,0.0
2947944,15.162584897156481
2948945,8.003448681693724
2949946,0.0
2950947,0.0
2951948,0.0
2952949,0.0
2953950,0.0
2954951,0.0
2955952,0.0
2956953,0.0
2957954,0.0
2958955,7.138087983932195
2959956,9.550199937577792
2960957,0.0
2961958,0.0
2962959,0.0
2963960,0.0
2964961,0.0
2965962,8.919374335588243
2966963,0.0
2967964,15.555117756020616
2968965,0.0
2969966,48.871024944432655
2970967,0.0
2971968,5.7317675411732685
2972969,0.0
2973970,11.572532224216118
2974971,11.543591401743328
2975972,0.0
2976973,0.0
2977974,0.0
2978975,0.0
2979976,0.0
2980977,0.0
2981978,0.0
2982979,7.457002455158947
2983980,0.0
2984981,0.0
2985982,0.0
2986983,0.0
2987984,0.0
2988985,0.0
2989986,3.6103255127457703
2990987,13.72399655259603
2991988,13.041233413759777
2992989,0.0
2993990,0.0
2994991,0.0
2995992,0.0
2996993,0.0
2997994,0.0
2998995,21.24706951194233
2999996,0.0
3000997,0.0
3001998,0.0
3002999,0.0
3004000,0.0
3005001,37.52523349295401
3006002,0.0
3007003,0.0
3008004,0.0
3009005,10.546308680560216
3010006,0.0
3011007,2.8488626812054214
3012008,0.0
3013009,0.0
3014010,16.564078753773057
3015011,0.0
3016012,15.983093637826753
3017013,0.0
3018014,0.0
3019015,0.0
3020016,0.0
3021017,0.0
3022018,0.0
3023019,0.0
3024020,0.0
3025021,0.0
3026022,0.0
3027023,0.0
3028024,0.0
3029025,0.0
3030026,1.7323862499598959
3031027,24.93749481348029
3032028,0.0
3033029,0.0
3034030,0.0
3035031,18.14796957176121
3036032,0.0
3037033,0.0
3038034,22.98312652815087
3039035,0.0
3040036,0.0
3041037,0.0
3042038,0.0
3043039,0.0
3044040,0.0
3045041,0.0
3046042,17.300742146969842
3047043,0.0
3048044,0.0
3049045,0.0
3050046,0.0
3051047,0.0
3052048,0.0
3053049,0.0
3054050,0.0
3055051,3.634827697798716
3056052,0.0
3057053,0.0
3058054,0.0
3059055,0.0
3060056,0.0
3061057,0.0
3062058,0.0
3063059,0.0
3064060,39.50799239853059
3065061,0.0
3066062,0.0
3067063,5.644512157747127
3068064,15.455457670551972
3069065,0.0
3070066,14.441802039787461
3071067,0.0
3072068,11.024009493707222
3073069,12.121689390575316
3074070,0.0
3075071,0.0
3076072,6.150728797058928
3077073,0.0
3078074,0.0
3079075,0.0
3080076,12.772187370053182
3081077,0.0
3082078,0.0
3083079,0.0
3084080,0.0
3085081,6.5508573853123675
3086082,1.9530704523324043
3087083,0.0
3088084,14.384924366609429
3089085,0.0
3090086,0.0
3091087,0.0
3092088,0.0
3093089,0.0
3094090,0.0
3095091,0.0
3096092,0.0
3097093,0.0
3098094,0.0
3099095,0.0
3100096,0.0
3101097,0.0
3102098,0.0
3103099,0.0
3104100,0.0
3105101,0.0
3106102,8.805765413784323
3107103,0.0
3108104,0.0
3109105,0.0
3110106,0.0
3111107,6.1937156058690706
3112108,0.0
3113109,0.0
3114110,0.0
3115111,0.0
3116112,0.0
3117113,0.0
3118114,20.895351506770776
3119115,10.269334658874087
3120116,0.0
3121117,0.0
3122118,0.0
3123119,0.0
3124120,0.0
3125121,0.0
3126122,0.0
3127123,0.0
3128124,0.0
3129125,0.0
3130126,0.0
3131127,0.0
3132128,0.0
3133129,0.0
3134130,0.0
3135131,0.0
3136132,20.945634010167943
3137133,0.0
3138134,0.0
3139135,0.0
3140136,0.0
3141137,0.0
3142138,0.0
3143139,10.74188514703926
3144140,0.0
3145141,0.0
3146142,0.0
3147143,16.12379578152363
3148144,0.0
3149145,0.0
3150146,0.0
3151147,0.0
3152148,18.004102664536838
3153149,12.659721333780286
3154150,1.8655952816306711
3155151,0.0
3156152,0.0
3157153,16.51550848901544
3158154,0.0
3159155,0.0
3160156,39.11817843554785
3161157,0.0
3162158,0.0
3163159,0.0
3164160,0.0
3165161,0.0
3166162,0.0
3167163,27.4080814099077
3168164,0.0
3169165,0.0
3170166,8.646616359636889
3171167,0.0
3172168,0.0
3173169,0.0
3174170,0.0
3175171,29.437804738000978
3176172,0.0
3177173,0.0
3178174,0.0
3179175,0.0
3180176,26.899196550530426
3181177,0.0
3182178,0.0
3183179,15.511902153592544
3184180,0.0
3185181,0.0
3186182,0.0
3187183,0.0
3188184,0.0
3189185,0.0
3190186,12.133549717708558
3191187,8.32705939427618
3192188,0.0
3193189,15.448835377809043
3194190,0.0
3195191,5.372010531816181
3196192,0.0
3197193,0.0
3198194,12.242131691610968
3199195,0.0
3200196,39.55232018537932
3201197,11.699191119804373
3202198,0.0
3203199,0.0
3204200,6.138455688400516
3205201,1.8785251220647297
3206202,0.0
3207203,0.0
3208204,0.0
3209205,0.0
3210206,18.23668933352053
3211207,0.0
3212208,18.421703781812596
3213209,0.0
3214210,0.0
3215211,0.0
3216212,0.0
3217213,0.0
3218214,0.0
3219215,0.0
3220216,16.371164899226528
3221217,8.901988091597957
3222218,0.0
3223219,33.64120619831297
3224220,0.0
3225221,33.813696733621576
3226222,0.0
3227223,0.0
3228224,0.0
3229225,0.0
3230226,0.0
3231227,0.0
3232228,0.0
3233229,0.0
3234230,0.0
3235231,0.0
3236232,0.0
3237233,17.420214914444372
3238234,0.0
3239235,0.0
3240236,0.0
3241237,0.0
3242238,0.0
3243239,0.0
3244240,0.0
3245241,0.0
3246242,0.0
3247243,0.0
3248244,14.178877696761043
3249245,0.0
3250246,0.0
3251247,21.31137602812895
3252248,0.0
3253249,0.0
3254250,0.0
3255251,33.477591487466725
3256252,0.0
3257253,5.620320500863562
3258254,0.0
3259255,0.0
3260256,0.0
3261257,0.0
3262258,6.2001129845308185
3263259,0.0
3264260,9.93237439819288
3265261,0.0
3266262,0.0
3267263,0.0
3268264,0.0
3269265,0.0
3270266,0.0
3271267,0.0
3272268,0.0
3273269,0.0
3274270,0.0
3275271,0.0
3276272,0.0
3277273,0.0
3278274,11.136049112537311
3279275,0.0
3280276,0.0
3281277,0.0
3282278,13.492671898343204
3283279,0.0
3284280,0.0
3285281,0.0
3286282,0.0
3287283,0.0
3288284,0.0
3289285,0.0
3290286,0.0
3291287,0.0
3292288,0.0
3293289,0.9472136909678397
3294290,0.0
3295291,0.0
3296292,7.572203303110701
3297293,0.0
3298294,0.0
3299295,10.055420689206633
3300296,0.0
3301297,3.784355152449734
3302298,26.577810382043065
3303299,0.0
3304300,0.0
3305301,0.0
3306302,0.0
3307303,0.0
3308304,0.0
3309305,6.76822588620585
3310306,0.0
3311307,0.0
3312308,6.088732526352516
3313309,14.348663701400369
3314310,0.0
3315311,12.182676860475588
3316312,0.0
3317313,13.78010969481073
3318314,0.0
3319315,0.0
3320316,0.0
3321317,0.8270986967026615
3322318,0.0
3323319,0.0
3324320,0.0
3325321,18.0467362728194
3326322,17.170005744153354
3327323,0.0
3328324,17.16344080814386
3329325,0.0
3330326,16.219728058419673
3331327,0.0
3332328,12.178128735738069
3333329,0.0
3334330,0.0
3335331,10.828293615393456
3336332,0.0
3337333,12.583959693106362
3338334,0.0
3339335,0.0
3340336,8.33967443676357
3341337,0.0
3342338,0.9245017981177746
3343339,0.0
3344340,0.0
3345341,0.0
3346342,0.0
3347343,0.0
3348344,20.183654813356334
3349345,0.0
3350346,0.0
3351347,0.0
3352348,15.22494290944679
3353349,0.0
3354350,11.868670881083359
3355351,0.0
3356352,11.701511470911246
3357353,0.0
3358354,10.88500519258539
3359355,0.0
3360356,4.599975489046455
3361357,0.0
3362358,22.509137175349547
3363359,0.0
3364360,0.0
3365361,0.0
3366362,0.0
3367363,0.0
3368364,0.0
3369365,0.0
3370366,0.0
3371367,0.0
3372368,0.0
3373369,0.0
3374370,0.9480763255471973
3375371,0.0
3376372,0.0
3377373,5.640955451474379
3378374,0.0
3379375,28.317306571309615
3380376,32.07634383832545
3381377,0.0
3382378,24.429674863806262
3383379,0.0
3384380,0.0
3385381,0.0
3386382,0.0
3387383,9.344514624672378
3388384,0.0
3389385,11.821871603543268
3390386,0.0
3391387,0.0
3392388,37.28891075033166
3393389,8.031719769607017
3394390,7.160744509937544
3395391,0.0
3396392,0.0
3397393,0.0
3398394,0.0
3399395,16.656449243235155
3400396,0.0
3401397,0.0
3402398,0.0
3403399,23.78384585449769
3404400,0.0
3405401,0.0
3406402,0.0
3407403,0.0
3408404,13.536248185357357
3409405,0.0
3410406,0.0
3411407,0.0
3412408,0.0
3413409,21.267921452119907
3414410,0.0
3415411,0.0
3416412,0.0
3417413,0.0
3418414,34.54894054291106
3419415,0.0
3420416,20.83633587028762
3421417,26.69406229965943
3422418,0.0
3423419,0.0
3424420,0.0
3425421,20.007606831387385
3426422,12.57734695656491
3427423,0.0
3428424,0.0
3429425,0.0
3430426,0.0
3431427,17.39633828992992
3432428,0.0
3433429,16.42853084865386
3434430,0.0
3435431,13.778707859050046
3436432,6.411122030751636
3437433,0.0
3438434,0.0
3439435,0.0
3440436,9.803711914597645
3441437,0.0
3442438,0.0
3443439,14.460064046833967
3444440,0.0
3445441,0.0
3446442,0.0
3447443,0.0
3448444,0.0
3449445,19.143491583780254
3450446,0.0
3451447,27.91208364218175
3452448,0.0
3453449,11.624699238906183
3454450,4.417352662322885
3455451,12.750758266419425
3456452,0.0
3457453,0.0
3458454,0.0
3459455,0.0
3460456,0.0
3461457,0.0
3462458,0.0
3463459,0.0
3464460,0.0
3465461,0.0
3466462,0.0
3467463,0.0
3468464,0.0
3469465,23.127722222252242
3470466,18.084432669589937
3471467,19.806235248710383
3472468,0.0
3473469,12.71019598320181
3474470,0.0
3475471,0.0
3476472,0.0
3477473,0.0
3478474,0.0
3479475,0.0
3480476,0.0
3481477,0.0
3482478,15.408922177065802
3483479,0.0
3484480,0.0
3485481,8.647993840661226
3486482,9.225865767834353
3487483,0.0
3488484,11.302978647491527
3489485,0.0
3490486,0.0
3491487,0.0
3492488,0.0
3493489,0.0
3494490,0.0
3495491,7.374050290315517
3496492,5.62666907532255
3497493,0.0
3498494,0.0
3499495,0.0
3500496,0.0
3501497,0.0
3502498,0.0
3503499,0.0
3504500,17.662924379546546
3505501,115.22494867602347
3506502,11.59775907568891
3507503,40.76946036229783
3508504,0.0
3509505,67.42967988371264
3510506,7.829767170218395
3511507,7.45881953898318
3512508,15.872029589290698
3513509,0.0
3514510,0.0
3515511,0.0
3516512,18.71059711524174
3517513,0.0
3518514,16.620212029998722
3519515,0.0
3520516,0.0
3521517,0.0
3522518,0.0
3523519,0.0
3524520,0.0
3525521,0.0
3526522,0.0
3527523,0.0
3528524,0.0
3529525,0.0
3530526,0.0
3531527,0.0
3532528,0.0
3533529,39.48025143722933
3534530,0.0
3535531,0.0
3536532,0.0
3537533,15.158836369877436
3538534,0.0
3539535,0.0
3540536,39.00403450499833
3541537,0.0
3542538,0.0
3543539,0.0
3544540,0.0
3545541,0.0
3546542,13.765799078361162
3547543,0.0
3548544,16.710777077238323
3549545,0.0
3550546,0.0
3551547,0.0
3552548,0.0
3553549,0.0
3554550,0.0
3555551,0.0
3556552,14.875871554794655
3557553,0.0
3558554,0.0
3559555,0.0
3560556,20.43060019624364
3561557,38.31051412550501
3562558,0.0
3563559,22.637472311523453
3564560,11.02459421999057
3565561,0.0
3566562,0.0
3567563,0.0
3568564,0.0
3569565,16.017131977845686
3570566,0.0
3571567,25.98646320103997
3572568,19.744751798644007
3573569,0.0
3574570,0.0
3575571,0.0
3576572,0.0
3577573,0.0
3578574,12.639713721750898
3579575,0.0
3580576,0.0
3581577,1.8243776007180044
3582578,0.0
3583579,0.0
3584580,0.0
3585581,0.0
3586582,16.568935750056117
3587583,0.0
3588584,0.0
3589585,0.0
3590586,0.0
3591587,0.0
3592588,0.0
3593589,0.0
3594590,0.0
3595591,13.731539564002048
3596592,0.0
3597593,0.0
3598594,18.479936160947563
3599595,0.0
3600596,15.165954183911381
3601597,0.0
3602598,0.0
3603599,0.0
3604600,0.0
3605601,0.0
3606602,9.81571777030042
3607603,0.0
3608604,0.0
3609605,0.0
3610606,0.0
3611607,7.040730086332699
3612608,0.0
3613609,10.905661414269
3614610,0.0
3615611,0.0
3616612,0.0
3617613,0.0
3618614,27.51801333972705
3619615,0.0
3620616,0.0
3621617,0.0
3622618,6.642746272129105
3623619,0.0
3624620,0.0
3625621,22.411628775813686
3626622,0.0
3627623,0.0
3628624,28.35426653469743
3629625,0.0
3630626,0.0
3631627,10.050538005250703
3632628,0.0
3633629,0.0
3634630,12.514967523777363
3635631,19.11538899663995
3636632,20.00178250191435
3637633,0.0
3638634,12.98900924859063
3639635,0.0
3640636,0.0
3641637,0.0
3642638,0.0
3643639,0.0
3644640,6.646386979734683
3645641,0.0
3646642,0.0
3647643,0.0
3648644,0.0
3649645,0.0
3650646,0.0
3651647,11.509936037893112
3652648,0.0
3653649,14.340067496431182
3654650,0.0
3655651,0.0
3656652,0.0
3657653,0.0
3658654,0.0
3659655,0.0
3660656,0.0
3661657,0.0
3662658,0.0
3663659,0.0
3664660,6.490109774324733
3665661,0.0
3666662,0.0
3667663,0.0
3668664,15.749459973929284
3669665,0.0
3670666,0.0
3671667,0.0
3672668,0.0
3673669,0.0
3674670,32.35854115979405
3675671,11.736645703835825
3676672,12.824677106445723
3677673,19.181348470644032
3678674,0.0
3679675,0.0
3680676,24.509347130740995
3681677,0.0
3682678,0.0
3683679,0.0
3684680,0.0
3685681,0.0
3686682,0.0
3687683,0.0
3688684,15.884936903490432
3689685,0.0
3690686,0.0
3691687,0.0
3692688,17.86980575199408
3693689,10.647997056853617
3694690,0.0
3695691,0.0
3696692,0.0
3697693,0.0
3698694,0.0
3699695,0.0
3700696,0.0
3701697,0.0
3702698,0.0
3703699,0.0
3704700,1.817171698928199
3705701,0.0
3706702,0.0
3707703,0.0
3708704,0.0
3709705,0.0
3710706,0.0
3711707,0.0
3712708,0.0
3713709,0.0
3714710,0.0
3715711,0.0
3716712,0.0
3717713,0.0
3718714,0.0
3719715,0.0
3720716,0.0
3721717,13.089543764444576
3722718,0.0
3723719,0.0
3724720,19.371780523410845
3725721,0.0
3726722,0.0
3727723,8.520638428996822
3728724,29.150159269409365
3729725,0.0
3730726,0.0
3731727,0.0
3732728,18.14492073956022
3733729,0.0
3734730,14.37717864037512
3735731,0.0
3736732,0.0
3737733,0.0
3738734,0.0
3739735,13.616424072548135
3740736,19.000813453194205
3741737,0.0
3742738,0.0
3743739,6.221458474451622
3744740,0.0
3745741,17.118274257421003
3746742,0.0
3747743,5.65358808280145
3748744,0.0
3749745,0.0
3750746,0.0
3751747,0.0
3752748,0.0
3753749,0.0
3754750,0.0
3755751,13.811751647792246
3756752,28.258001196427152
3757753,1.8552048762390179
3758754,12.403873539637125
3759755,0.0
3760756,0.0
3761757,0.0
3762758,0.0
3763759,3.8101276316324446
3764760,0.0
3765761,16.929973525528137
3766762,0.0
3767763,0.0
3768764,33.110975455299474
3769765,13.365597062011025
3770766,0.0
3771767,14.4920878008624
3772768,0.0
3773769,0.0
3774770,0.0
3775771,19.595253929218813
3776772,16.181333598224395
3777773,0.0
3778774,0.0
3779775,0.0
3780776,16.63110673861685
3781777,0.0
3782778,0.0
3783779,0.0
3784780,0.0
3785781,0.0
3786782,18.40901368795654
3787783,0.0
3788784,0.0
3789785,20.031681011294253
3790786,0.0
3791787,0.0
3792788,0.0
3793789,12.920028876043324
3794790,0.0
3795791,0.0
3796792,0.0
3797793,0.0
3798794,13.038965374776122
3799795,0.0
3800796,5.4708693988608825
3801797,10.052559596929997
3802798,0.0
3803799,0.0
3804800,0.0
3805801,0.0
3806802,0.0
3807803,0.0
3808804,0.0
3809805,0.0
3810806,36.40470216607989
3811807,20.460977239595
3812808,25.44777930702049
3813809,16.243492165793924
3814810,13.80391092795459
3815811,28.566305763625515
3816812,0.0
3817813,17.04441650745562
3818814,0.0
3819815,0.0
3820816,6.52429526367243
3821817,0.0
3822818,0.0
3823819,0.0
3824820,0.0
3825821,0.0
3826822,8.271369468078193
3827823,19.826686310607528
3828824,15.92977320887798
3829825,0.0
3830826,0.0
3831827,37.780583555175696
3832828,0.0
3833829,21.19734446179472
3834830,0.0
3835831,0.0
3836832,0.96091970070543
3837833,0.0
3838834,0.0
3839835,0.0
3840836,0.0
3841837,13.105545120570511
3842838,0.0
3843839,12.047873136255951
3844840,0.0
3845841,0.0
3846842,0.0
3847843,0.0
3848844,0.0
3849845,16.773221662408865
3850846,6.240909843843668
3851847,0.0
3852848,36.91667331562948
3853849,0.0
3854850,0.0
3855851,0.0
3856852,0.0
3857853,0.0
3858854,0.0
3859855,0.0
3860856,14.937126155825212
3861857,6.382213687822082
3862858,0.0
3863859,27.532629595651713
3864860,0.0
3865861,0.0
3866862,0.0
3867863,0.0
3868864,0.0
3869865,0.0
3870866,0.0
3871867,25.076595552476064
3872868,0.0
3873869,16.761032293199793
3874870,0.0
3875871,0.0
3876872,0.0
3877873,8.152041016800933
3878874,0.0
3879875,28.95881290856665
3880876,9.933268492404766
3881877,0.0
3882878,0.0
3883879,0.0
3884880,0.0
3885881,18.81557846544979
3886882,14.368451441441339
3887883,42.70822520827876
3888884,36.70411137902349
3889885,0.0
3890886,0.0
3891887,0.0
3892888,0.0
3893889,16.85949995266154
3894890,0.0
3895891,0.0
3896892,0.0
3897893,7.841485486119423
3898894,0.0
3899895,0.0
3900896,0.0
3901897,0.0
3902898,0.0
3903899,0.0
3904900,11.635093150571535
3905901,0.0
3906902,0.0
3907903,19.79644337000165
3908904,0.0
3909905,8.840346988286614
3910906,0.0
3911907,23.906558512164786
3912908,0.0
3913909,17.29837533885808
3914910,22.115372831362546
3915911,0.0
3916912,43.77791756934147
3917913,0.0
3918914,12.843796544261558
3919915,0.0
3920916,0.0
3921917,0.0
3922918,12.35988374300335
3923919,0.0
3924920,0.0
3925921,0.0
3926922,17.36568559434907
3927923,0.0
3928924,0.0
3929925,0.0
3930926,17.188686306265545
3931927,0.0
3932928,0.0
3933929,0.0
3934930,3.5817987600161043
3935931,0.0
3936932,18.6808418772786
3937933,10.198500037967957
3938934,0.0
3939935,12.686473110273083
3940936,0.0
3941937,13.939275989213483
3942938,0.0
3943939,15.997834443212287
3944940,22.95805319691441
3945941,0.0
3946942,0.0
3947943,13.447393396480695
3948944,0.0
3949945,0.0
3950946,0.0
3951947,18.841636691804425
3952948,15.93071662997978
3953949,0.0
3954950,0.0
3955951,22.746563304167502
3956952,0.0
3957953,6.5970013196766155
3958954,5.421022632725457
3959955,15.641664612501799
3960956,0.0
3961957,0.0
3962958,0.0
3963959,0.0
3964960,0.0
3965961,0.0
3966962,0.0
3967963,18.216068377085964
3968964,0.0
3969965,0.0
3970966,0.0
3971967,0.0
3972968,0.0
3973969,0.0
3974970,0.0
3975971,24.400016175943694
3976972,10.435160487319743
3977973,22.745937685469034
3978974,0.0
3979975,11.15611571640291
3980976,0.0
3981977,0.0
3982978,0.0
3983979,0.0
3984980,7.118619758060601
3985981,0.0
3986982,0.0
3987983,0.0
3988984,0.0
3989985,0.0
3990986,9.318888620989203
3991987,0.0
3992988,17.26465956492654
3993989,16.871462055521057
3994990,0.0
3995991,0.0
3996992,0.0
3997993,0.0
3998994,4.596788632864312
3999995,33.5986250174982
4000996,0.0
4001997,0.0
4002998,22.86252289216815
4003999,22.22254403541973
4005000,0.0
4006001,0.0
4007002,0.0
4008003,0.0
4009004,14.670939854529232
4010005,11.748035895743199
4011006,0.0
4012007,0.0
4013008,0.0
4014009,0.0
4015010,0.0
4016011,0.0
4017012,13.799530367916217
4018013,0.0
4019014,0.0
4020015,0.0
4021016,3.8465924583295843
4022017,0.0
4023018,0.0
4024019,0.0
4025020,0.0
4026021,0.0
4027022,0.0
4028023,17.353559274019073
4029024,0.0
4030025,0.0
4031026,0.0
4032027,13.251381970979963
4033028,10.807026878165304
4034029,0.0
4035030,0.0
4036031,0.0
4037032,0.0
4038033,16.035389982754722
4039034,0.0
4040035,24.759098624879798
4041036,14.46446097386665
4042037,17.91773043909635
4043038,0.0
4044039,0.0
4045040,0.0
4046041,0.0
4047042,19.940398403557424
4048043,0.0
4049044,0.0
4050045,0.0
4051046,0.0
4052047,31.056965575328796
4053048,0.0
4054049,10.83156020785433
4055050,0.0
4056051,0.0
4057052,16.4847233940187
4058053,37.44602881920594
4059054,0.0
4060055,0.0
4061056,0.9345113208083082
4062057,0.0
4063058,0.0
4064059,0.0
4065060,0.0
4066061,0.0
4067062,0.0
4068063,0.0
4069064,0.0
4070065,0.0
4071066,0.0
4072067,13.517305128193719
4073068,18.212685542177155
4074069,0.0
4075070,0.0
4076071,0.0
4077072,0.0
4078073,0.0
4079074,0.0
4080075,0.0
4081076,34.69286983480657
4082077,9.344546716141714
4083078,0.0
4084079,0.0
4085080,0.0
4086081,0.0
4087082,0.0
4088083,14.646780888461507
4089084,0.0
4090085,31.636901206288723
4091086,0.0
4092087,0.0
4093088,0.0
4094089,1.7807015578378924
4095090,0.0
4096091,0.0
4097092,0.0
4098093,13.548047565800001
4099094,16.97074047236118
4100095,0.0
4101096,0.0
4102097,6.352368637444344
4103098,0.0
4104099,0.0
4105100,0.0
4106101,0.0
4107102,0.0
4108103,0.0
4109104,0.0
4110105,19.94885503651458
4111106,0.0
4112107,0.0
4113108,0.0
4114109,0.0
4115110,22.420211124316822
4116111,0.0
4117112,0.0
4118113,0.0
4119114,16.760763234778484
4120115,0.0
4121116,14.908355366168426
4122117,0.0
4123118,12.843761259924525
4124119,0.0
4125120,0.0
4126121,0.0
4127122,0.0
4128123,0.0
4129124,0.0
4130125,0.0
4131126,0.0
4132127,0.0
4133128,23.692373161464996
4134129,0.0
4135130,0.0
4136131,11.691165274688375
4137132,0.0
4138133,0.0
4139134,0.0
4140135,10.773370219426951
4141136,0.0
4142137,0.0
4143138,0.0
4144139,0.0
4145140,0.0
4146141,18.93262202254364
4147142,0.0
4148143,9.983421129437962
4149144,0.0
4150145,0.0
4151146,0.0
4152147,0.0
4153148,0.0
4154149,0.0
4155150,0.0
4156151,0.0
4157152,0.0
4158153,28.030266180196296
4159154,0.0
4160155,0.0
4161156,8.119276498146203
4162157,0.0
4163158,0.0
4164159,0.0
4165160,16.36062777822183
4166161,0.0
4167162,0.0
4168163,0.0
4169164,0.0
4170165,2.8632387911832544
4171166,12.832462363387664
4172167,6.25039469203727
4173168,0.0
4174169,0.0
4175170,0.0
4176171,0.0
4177172,9.890355111442865
4178173,28.31652953198482
4179174,0.0
4180175,0.0
4181176,0.0
4182177,0.0
4183178,0.0
4184179,12.741074499946835
4185180,4.511351969303278
4186181,0.0
4187182,28.635990361832796
4188183,0.0
4189184,12.806282900291023
4190185,0.0
4191186,0.0
4192187,0.0
4193188,0.0
4194189,0.0
4195190,13.430910040326069
4196191,0.0
4197192,18.031936697944694
4198193,0.0
4199194,0.0
4200195,0.0
4201196,0.0
4202197,0.0
4203198,21.208192751752126
4204199,46.69876004679032
4205200,0.0
4206201,0.0
4207202,0.0
4208203,23.46071290932011
4209204,0.0
4210205,0.0
4211206,0.0
4212207,0.0
4213208,0.0
4214209,0.0
4215210,0.0
4216211,17.16288060563263
4217212,0.0
4218213,0.0
4219214,0.0
4220215,0.0
4221216,9.02805896916596
4222217,36.991743577525206
4223218,25.301327145882926
4224219,0.0
4225220,0.0
4226221,0.0
4227222,0.0
4228223,13.324679180532742
4229224,9.103000116893497
4230225,0.0
4231226,0.0
4232227,0.0
4233228,0.0
4234229,0.0
4235230,0.0
4236231,0.0
4237232,0.0
4238233,0.0
4239234,0.0
4240235,0.0
4241236,0.0
4242237,15.417969785730428
4243238,0.0
4244239,0.0
4245240,0.0
4246241,0.0
4247242,0.0
4248243,0.0
4249244,0.0
4250245,5.631483586128167
4251246,0.0
4252247,0.0
4253248,0.0
4254249,0.0
4255250,0.0
4256251,39.03953432533025
4257252,0.0
4258253,0.0
4259254,0.0
4260255,0.0
4261256,0.0
4262257,0.0
4263258,24.63177546128333
4264259,0.0
4265260,0.0
4266261,0.0
4267262,4.576767085452393
4268263,0.0
4269264,0.0
4270265,0.0
4271266,0.0
4272267,0.0
4273268,0.0
4274269,0.0
4275270,0.0
4276271,0.0
4277272,13.93613945520133
4278273,0.0
4279274,0.0
4280275,18.867249041982536
4281276,7.563735589336806
4282277,17.13730390425048
4283278,0.0
4284279,0.0
4285280,22.864824045468268
4286281,0.0
4287282,11.624592529393688
4288283,0.0
4289284,0.0
4290285,0.0
4291286,0.0
4292287,0.0
4293288,0.0
4294289,0.0
4295290,0.0
4296291,0.0
4297292,0.0
4298293,2.807845803041695
4299294,11.763258403033479
4300295,0.0
4301296,0.0
4302297,0.0
4303298,0.0
4304299,0.0
4305300,0.0
4306301,0.0
4307302,25.24679387569296
4308303,0.0
4309304,0.0
4310305,0.0
4311306,0.0
4312307,0.0
4313308,33.97038064939064
4314309,0.0
4315310,14.529299616925615
4316311,0.0
4317312,25.928784959290482
4318313,7.430625281773553
4319314,0.0
4320315,25.529964732102318
4321316,0.0
4322317,0.0
4323318,0.0
4324319,0.0
4325320,0.0
4326321,30.1293192435236
4327322,0.0
4328323,0.0
4329324,37.32957195555601
4330325,0.0
4331326,0.0
4332327,0.0
4333328,8.182738830717811
4334329,17.506532017043426
4335330,0.0
4336331,0.0
4337332,0.0
4338333,0.0
4339334,16.233671998738515
4340335,8.20087578558612
4341336,0.0
4342337,0.0
4343338,0.0
4344339,13.866259220443698
4345340,0.0
4346341,0.0
4347342,20.563530709279785
4348343,0.0
4349344,0.0
4350345,0.0
4351346,12.652079215336006
4352347,0.0
4353348,0.0
4354349,0.0
4355350,7.28041645312431
4356351,0.0
4357352,0.0
4358353,15.312873089485523
4359354,0.0
4360355,0.0
4361356,0.0
4362357,0.0
4363358,0.0
4364359,0.0
4365360,12.903410908522831
4366361,0.0
4367362,0.0
4368363,0.0
4369364,0.0
4370365,0.0
4371366,0.0
4372367,0.0
4373368,0.0
4374369,3.6837985712987944
4375370,12.743778410055842
4376371,0.0
4377372,0.0
4378373,4.755517954588251
4379374,0.0
4380375,9.982519848294352
4381376,10.666546467584473
4382377,0.0
4383378,0.0
4384379,0.0
4385380,0.0
4386381,21.177761950619338
4387382,14.689920126833487
4388383,3.7416932789774644
4389384,0.0
4390385,0.0
4391386,0.0
4392387,0.0
4393388,0.0
4394389,0.0
4395390,0.0
4396391,0.0
4397392,0.0
4398393,30.026589284655593
4399394,19.57865607364246
4400395,0.0
4401396,0.0
4402397,0.0
4403398,0.0
4404399,0.0
4405400,16.642491986293585
4406401,0.0
4407402,0.0
4408403,0.0
4409404,0.0
4410405,0.0
4411406,0.0
4412407,15.440897093723931
4413408,9.182043667231325
4414409,0.0
4415410,0.0
4416411,0.0
4417412,0.0
4418413,20.8767774131944
4419414,8.578571702844373
4420415,25.689821936823044
4421416,24.57862849868794
4422417,0.0
4423418,0.0
4424419,0.0
4425420,0.0
4426421,0.0
4427422,0.0
4428423,0.0
4429424,0.0
4430425,0.0
4431426,0.0
4432427,0.0
4433428,0.0
4434429,0.0
4435430,17.681399066445294
4436431,0.0
4437432,0.0
4438433,0.0
4439434,15.906908887380375
4440435,0.0
4441436,19.1041077106536
4442437,0.0
4443438,12.099681976089464
4444439,0.0
4445440,25.12661237190464
4446441,10.000982685912279
4447442,0.0
4448443,0.0
4449444,1.8857844240952755
4450445,0.0
4451446,0.0
4452447,0.0
4453448,0.0
4454449,0.0
4455450,0.0
4456451,8.233384784600375
4457452,0.0
4458453,20.79578675613904
4459454,10.629671857689052
4460455,0.0
4461456,68.23808913287561
4462457,13.39531331331551
4463458,0.0
4464459,49.90396645876292
4465460,28.76465803963653
4466461,25.428645811410505
4467462,10.731637464218933
4468463,10.569695672865207
4469464,0.0
4470465,0.0
4471466,0.0
4472467,6.429786402735036
4473468,0.0
4474469,0.0
4475470,0.0
4476471,0.0
4477472,0.0
4478473,0.0
4479474,9.060079445120198
4480475,0.0
4481476,8.02757134668906
4482477,0.0
4483478,0.0
4484479,0.0
4485480,13.452461607468113
4486481,22.902608886235768
4487482,0.0
4488483,0.0
4489484,0.0
4490485,14.329151027450944
4491486,20.46927014206028
4492487,0.0
4493488,0.0
4494489,21.31702858460034
4495490,0.0
4496491,0.0
4497492,0.0
4498493,46.44138572078124
4499494,0.0
4500495,0.0
4501496,34.91598554322582
4502497,0.0
4503498,0.0
4504499,0.0
4505500,0.0
4506501,0.0
4507502,24.267977257986328
4508503,32.8281387183533
4509504,0.0
4510505,0.0
4511506,0.0
4512507,0.0
4513508,0.0
4514509,25.16150768401741
4515510,20.580379591263775
4516511,0.0
4517512,16.14545312567553
4518513,0.0
4519514,0.0
4520515,0.0
4521516,0.0
4522517,61.92848024399307
4523518,0.0
4524519,0.0
4525520,22.556563668326536
4526521,8.16671130653111
4527522,6.403868990386995
4528523,16.438603787585773
4529524,0.0
4530525,3.6992731031706345
4531526,0.0
4532527,0.0
4533528,0.0
4534529,0.0
4535530,0.0
4536531,0.0
4537532,16.985366844343403
4538533,0.0
4539534,0.0
4540535,0.0
4541536,0.0
4542537,9.242639620779123
4543538,26.61206956235194
4544539,24.038702444582317
4545540,0.0
4546541,0.0
4547542,0.0
4548543,0.0
4549544,16.278542232437868
4550545,0.0
4551546,0.0
4552547,0.0
4553548,0.0
4554549,0.0
4555550,0.0
4556551,0.0
4557552,0.0
4558553,20.118741753201068
4559554,17.915167136456724
4560555,19.765596958931628
4561556,0.0
4562557,0.0
4563558,0.0
4564559,0.0
4565560,0.0
4566561,0.0
4567562,0.0
4568563,0.0
4569564,0.0
4570565,0.0
4571566,0.0
4572567,0.0
4573568,0.0
4574569,0.0
4575570,0.0
4576571,0.0
4577572,0.0
4578573,0.0
4579574,0.0
4580575,0.0
4581576,0.0
4582577,0.0
4583578,0.0
4584579,0.0
4585580,0.0
4586581,0.0
4587582,0.0
4588583,3.470612053494648
4589584,0.0
4590585,0.0
4591586,0.0
4592587,0.0
4593588,0.0
4594589,0.0
4595590,0.0
4596591,12.089195222013648
4597592,0.0
4598593,0.0
4599594,0.0
4600595,16.588646073958603
4601596,0.0
4602597,40.749468261314206
4603598,0.0
4604599,14.683698773534811
4605600,0.0
4606601,0.0
4607602,0.0
4608603,0.0
4609604,0.0
4610605,0.0
4611606,0.0
4612607,0.0
4613608,23.71582859796248
4614609,7.227270916117284
4615610,0.0
4616611,0.0
4617612,0.0
4618613,13.059422275541074
4619614,0.0
4620615,0.0
4621616,0.0
4622617,23.638146560640873
4623618,0.0
4624619,0.0
4625620,0.0
4626621,0.0
4627622,0.0
4628623,0.0
4629624,0.0
4630625,0.0
4631626,11.782705438532485
4632627,0.0
4633628,33.64635432622587
4634629,0.0
4635630,0.0
4636631,0.0
4637632,0.0
4638633,13.596668411157168
4639634,0.0
4640635,0.0
4641636,0.0
4642637,0.0
4643638,0.0
4644639,0.0
4645640,0.0
4646641,0.0
4647642,0.0
4648643,0.0
4649644,0.0
4650645,0.0
4651646,25.035175875095373
4652647,0.0
4653648,0.0
4654649,0.0
4655650,0.0
4656651,0.0
4657652,0.0
4658653,0.0
4659654,9.251261518395573
4660655,0.0
4661656,22.558447117564118
4662657,0.0
4663658,0.0
4664659,13.600735553204935
4665660,0.0
4666661,0.0
4667662,16.50780569496248
4668663,0.0
4669664,0.0
4670665,0.0
4671666,0.0
4672667,0.0
4673668,0.0
4674669,0.0
4675670,2.6058531019763955
4676671,33.9477782947003
4677672,0.0
4678673,0.0
4679674,0.0
4680675,0.0
4681676,0.0
4682677,0.0
4683678,0.0
4684679,0.0
4685680,0.0
4686681,0.0
4687682,0.0
4688683,0.0
4689684,16.463212598219513
4690685,0.0
4691686,12.237030721203023
4692687,0.0
4693688,0.0
4694689,0.0
4695690,0.0
4696691,0.0
4697692,19.99849180028735
4698693,0.0
4699694,0.0
4700695,0.0
4701696,39.25757902774037
4702697,0.0
4703698,0.0
4704699,24.741839772272566
4705700,9.24112234689641
4706701,25.000157121243287
4707702,0.0
4708703,0.0
4709704,0.0
4710705,0.0
4711706,0.0
4712707,0.0
4713708,0.0
4714709,0.0
4715710,0.0
4716711,0.0
4717712,0.0
4718713,0.0
4719714,0.0
4720715,0.0
4721716,18.164507221860198
4722717,0.0
4723718,0.0
4724719,12.4049981069276
4725720,18.54369645975686
4726721,0.0
4727722,0.0
4728723,0.0
4729724,53.91025611665351
4730725,0.0
4731726,14.453086869699371
4732727,11.157932927603614
4733728,0.0
4734729,0.0
4735730,0.0
4736731,0.0
4737732,0.0
4738733,0.0
4739734,12.573361899280954
4740735,0.0
4741736,0.0
4742737,2.6079022263389895
4743738,16.29998119237633
4744739,9.28286376956452
4745740,0.0
4746741,17.952395226697572
4747742,0.0
4748743,0.0
4749744,6.379125072077346
4750745,35.696658573033176
4751746,12.76696442889184
4752747,30.01693342452343
4753748,0.0
4754749,0.0
4755750,12.097428328774742
4756751,14.656729687756465
4757752,29.607676900283234
4758753,29.441803056727526
4759754,12.683161315697188
4760755,0.0
4761756,7.496077804737849
4762757,0.0
4763758,14.46555908550734
4764759,19.718825006198458
4765760,0.0
4766761,0.0
4767762,0.0
4768763,13.726968678325452
4769764,0.0
4770765,9.964349698102282
4771766,6.499000605496157
4772767,8.937486189425314
4773768,0.0
4774769,14.596306226960952
4775770,0.0
4776771,0.0
4777772,0.0
4778773,0.0
4779774,0.0
4780775,0.0
4781776,16.067509336819136
4782777,0.0
4783778,19.833342724901605
4784779,21.63839778802702
4785780,0.0
4786781,0.0
4787782,0.0
4788783,0.0
4789784,0.0
4790785,0.0
4791786,0.0
4792787,0.0
4793788,0.0
4794789,0.0
4795790,18.04763692355172
4796791,0.0
4797792,0.0
4798793,0.0
4799794,0.0
4800795,0.0
4801796,13.740921467169752
4802797,0.0
4803798,0.0
4804799,0.0
4805800,0.0
4806801,0.0
4807802,0.0
4808803,0.0
4809804,0.0
4810805,12.779576506988771
4811806,0.0
4812807,13.89052743362679
4813808,0.0
4814809,0.0
4815810,0.0
4816811,7.599211612732923
4817812,0.0
4818813,16.235887093760088
4819814,0.0
4820815,12.31499439874985
4821816,22.54375124029822
4822817,19.188894260427446
4823818,0.0
4824819,0.0
4825820,0.0
4826821,34.51674470601592
4827822,0.0
4828823,9.901465846092933
4829824,0.0
4830825,0.0
4831826,0.0
4832827,20.09959756068471
4833828,0.0
4834829,0.0
4835830,0.0
4836831,0.0
4837832,0.0
4838833,0.0
4839834,0.0
4840835,0.0
4841836,0.0
4842837,0.0
4843838,0.0
4844839,0.0
4845840,13.6268463223542
4846841,13.548990730786464
4847842,0.0
4848843,0.0
4849844,0.0
4850845,40.54629820579727
4851846,6.245827194783619
4852847,0.0
4853848,27.098705024090215
4854849,97.23405170378028
4855850,7.3262502888629335
4856851,18.288203869572477
4857852,0.0
4858853,0.0
4859854,0.0
4860855,0.0
4861856,0.0
4862857,8.383483205152917
4863858,0.0
4864859,19.231362792089016
4865860,0.0
4866861,0.0
4867862,0.0
4868863,0.0
4869864,0.0
4870865,0.0
4871866,0.0
4872867,0.0
4873868,0.0
4874869,0.0
4875870,0.0
4876871,18.237676360978853
4877872,0.0
4878873,0.0
4879874,0.0
4880875,0.0
4881876,0.0
4882877,0.0
4883878,0.0
4884879,0.0
4885880,11.483338705194077
4886881,0.0
4887882,0.0
4888883,20.37836766004298
4889884,0.0
4890885,28.83400870187967
4891886,0.0
4892887,11.786482936047395
4893888,0.0
4894889,0.0
4895890,0.0
4896891,12.281150741849851
4897892,0.0
4898893,0.0
4899894,0.0
4900895,17.00577680701194
4901896,0.0
4902897,0.0
4903898,0.0
4904899,0.0
4905900,0.0
4906901,31.41274054961598
4907902,0.0
4908903,0.0
4909904,3.579179958291971
4910905,0.0
4911906,0.0
4912907,0.0
4913908,0.0
4914909,0.0
4915910,0.0
4916911,17.098759212233755
4917912,0.0
4918913,0.0
4919914,0.0
4920915,0.0
4921916,17.217870125967952
4922917,0.0
4923918,0.0
4924919,0.0
4925920,0.0
4926921,0.0
4927922,0.0
4928923,0.0
4929924,0.0
4930925,16.250560309359138
4931926,0.0
4932927,0.0
4933928,0.0
4934929,29.29222350020242
4935930,0.0
4936931,0.0
4937932,0.0
4938933,10.820988318664801
4939934,0.0
4940935,0.0
4941936,0.0
4942937,0.0
4943938,0.0
4944939,15.531949776953457
4945940,0.0
4946941,0.0
4947942,13.745959526221238
4948943,0.0
4949944,0.0
4950945,0.0
4951946,0.0
4952947,0.0
4953948,0.0
4954949,30.096082818720916
4955950,0.0
4956951,23.465611498026426
4957952,0.0
4958953,0.0
4959954,0.0
4960955,0.0
4961956,20.75811570093607
4962957,18.753530348990605
4963958,0.0
4964959,0.0
4965960,0.0
4966961,0.0
4967962,22.155300780950444
4968963,0.0
4969964,12.834587514589547
4970965,7.298519081777899
4971966,0.0
4972967,5.680851073227922
4973968,0.0
4974969,13.512303691952061
4975970,0.0
4976971,0.0
4977972,0.0
4978973,13.817300487090044
4979974,34.524993313575756
4980975,0.0
4981976,0.0
4982977,40.007529119617026
4983978,0.0
4984979,0.0
4985980,18.726084244568863
4986981,0.0
4987982,0.0
4988983,0.0
4989984,0.0
4990985,11.577321779771221
4991986,10.12339212332093
4992987,20.06174523340965
4993988,0.0
4994989,0.0
4995990,27.498445083054285
4996991,41.29692278002381
4997992,0.0
4998993,0.0
4999994,0.0
5000995,0.0
5001996,0.0
5002997,0.0
5003998,0.0
5004999,0.0
5006000,0.0
5007001,0.0
5008002,0.0
5009003,0.0
5010004,14.540517543698249
5011005,0.0
5012006,0.0
5013007,0.0
5014008,0.0
5015009,0.0
5016010,0.0
5017011,0.0
5018012,0.0
5019013,55.288540294817686
5020014,21.609048652826484
5021015,0.0
5022016,0.0
5023017,14.367161752530583
5024018,9.795325600439238
5025019,19.958566443148378
5026020,0.0
5027021,0.0
5028022,20.02876763195163
5029023,0.0
5030024,0.0
5031025,0.0
5032026,0.0
5033027,0.0
5034028,0.0
5035029,0.0
5036030,13.811296505619428
5037031,0.0
5038032,0.0
5039033,20.95507515097571
5040034,0.0
5041035,16.604479906584753
5042036,34.35711366291307
5043037,10.49611679085362
5044038,0.0
5045039,0.0
5046040,0.0
5047041,0.0
5048042,50.102651277675854
5049043,10.135504380224377
5050044,0.0
5051045,0.0
5052046,23.47381239283212
5053047,0.0
5054048,0.0
5055049,14.00193996179469
5056050,0.0
5057051,0.0
5058052,0.0
5059053,0.0
5060054,0.0
5061055,0.0
5062056,0.0
5063057,34.57155162810304
5064058,0.0
5065059,0.0
5066060,18.957948807849107
5067061,0.0
5068062,0.0
5069063,18.055592411775297
5070064,0.0
5071065,0.0
5072066,0.0
5073067,0.0
5074068,0.0
5075069,0.0
5076070,9.101884813744764
5077071,0.0
5078072,0.0
5079073,0.0
5080074,0.0
5081075,0.0
5082076,0.0
5083077,0.0
5084078,0.0
5085079,0.0
5086080,0.0
5087081,0.0
5088082,11.768191891133194
5089083,13.083188424618633
5090084,0.0
5091085,0.0
5092086,13.097530557443923
5093087,0.0
5094088,0.0
5095089,0.0
5096090,20.634022428525274
5097091,0.0
5098092,0.0
5099093,8.177091408382676
5100094,0.0
5101095,0.0
5102096,0.0
5103097,0.0
5104098,0.0
5105099,0.0
5106100,19.82996216248049
5107101,0.0
5108102,0.0
5109103,0.0
5110104,0.0
5111105,39.14480947653157
5112106,0.0
5113107,19.245238349656194
5114108,0.0
5115109,0.0
5116110,0.0
5117111,0.0
5118112,27.01252631577761
5119113,0.0
5120114,0.0
5121115,0.0
5122116,11.780285772310505
5123117,1.728627979417722
5124118,0.0
5125119,0.0
5126120,0.0
5127121,0.0
5128122,14.108259206150914
5129123,0.0
5130124,0.0
5131125,0.0
5132126,0.0
5133127,0.0
5134128,0.0
5135129,0.0
5136130,0.0
5137131,0.0
5138132,24.512270318006596
5139133,0.0
5140134,0.0
5141135,0.0
5142136,0.0
5143137,0.0
5144138,0.0
5145139,0.0
5146140,0.0
5147141,17.174873301165885
5148142,0.0
5149143,0.0
5150144,0.0
5151145,0.0
5152146,0.0
5153147,1.7446878404452963
5154148,0.0
5155149,0.0
5156150,17.919046706333244
5157151,22.411161267457697
5158152,0.0
5159153,0.0
5160154,0.0
5161155,0.0
5162156,0.0
5163157,0.0
5164158,0.0
5165159,0.0
5166160,36.18775267744402
5167161,0.0
5168162,6.151600457253314
5169163,0.0
5170164,0.0
5171165,0.0
5172166,0.0
5173167,9.150484348766962
5174168,0.0
5175169,45.54047319209368
5176170,0.0
5177171,26.074843545511538
5178172,0.0
5179173,0.0
5180174,0.0
5181175,14.102708069040961
5182176,0.0
5183177,0.0
5184178,0.0
5185179,0.0
5186180,0.0
5187181,17.95617998254328
5188182,0.0
5189183,21.476175910528692
5190184,0.0
5191185,0.0
5192186,0.0
5193187,0.0
5194188,0.0
5195189,17.475026024645985
5196190,0.0
5197191,6.499165826509302
5198192,22.73633029301139
5199193,0.0
5200194,0.0
5201195,0.0
5202196,48.94733116228466
5203197,0.0
5204198,12.185730422297874
5205199,19.638565036308922
5206200,7.513510699427384
5207201,0.0
5208202,0.0
5209203,0.0
5210204,0.0
5211205,0.0
5212206,0.0
5213207,0.8
5214208,0.0
5215209,4.7361036924995545
5216210,19.24466366079543
5217211,0.0
5218212,11.809714059259004
5219213,0.0
5220214,16.007681766415722
5221215,0.0
5222216,0.0
5223217,0.0
5224218,0.0
5225219,0.0
5226220,0.0
5227221,0.0
5228222,10.605563976134869
5229223,0.0
5230224,0.0
5231225,28.161511800611496
5232226,0.0
5233227,0.0
5234228,0.0
5235229,0.0
5236230,0.0
5237231,0.0
5238232,0.0
5239233,0.0
5240234,0.0
5241235,0.0
5242236,32.41388789186166
5243237,0.0
5244238,0.0
5245239,0.0
5246240,0.0
5247241,0.0
5248242,0.0
5249243,0.0
5250244,27.911288517874755
5251245,0.0
5252246,33.38224398974715
5253247,0.0
5254248,34.88281515849676
5255249,0.0
5256250,0.0
5257251,0.0
5258252,0.0
5259253,0.0
5260254,0.0
5261255,0.0
5262256,23.33682121945751
5263257,24.343065321410386
5264258,54.85799617388848
5265259,0.0
5266260,0.0
5267261,0.0
5268262,27.691518785331162
5269263,0.0
5270264,18.071616300530287
5271265,0.0
5272266,0.0
5273267,2.58962891662274
5274268,0.0
5275269,0.0
5276270,0.0
5277271,0.0
5278272,0.0
5279273,0.0
5280274,0.0
5281275,0.0
5282276,0.0
5283277,10.662429176990095
5284278,0.0
5285279,0.0
5286280,0.0
5287281,0.0
5288282,0.0
5289283,0.0
5290284,0.0
5291285,0.0
5292286,0.0
5293287,7.052682255416028
5294288,0.0
5295289,0.0
5296290,0.0
5297291,0.0
5298292,0.0
5299293,0.0
5300294,14.757668570450026
5301295,9.035246620619429
5302296,0.0
5303297,0.0
5304298,0.0
5305299,0.0
5306300,15.514070012427572
5307301,13.430303186143357
5308302,0.0
5309303,0.0
5310304,15.147424473255088
5311305,0.0
5312306,12.071895343645961
5313307,0.0
5314308,8.354313895849945
5315309,0.0
5316310,0.0
5317311,0.0
5318312,12.629659340874612
5319313,0.0
5320314,0.0
5321315,0.0
5322316,10.589415429693153
5323317,13.257655094400233
5324318,16.219636765966225
5325319,0.0
5326320,13.613744615284586
5327321,17.715390255192265
5328322,0.0
5329323,0.0
5330324,56.03576576155354
5331325,0.0
5332326,22.85677241793063
5333327,0.0
5334328,0.0
5335329,0.0
5336330,0.0
5337331,0.0
5338332,0.0
5339333,0.0
5340334,0.0
5341335,9.389283971182625
5342336,0.0
5343337,0.0
5344338,0.0
5345339,28.619828446225338
5346340,21.984903246028562
5347341,0.0
5348342,0.0
5349343,0.0
5350344,0.0
5351345,0.0
5352346,0.0
5353347,0.0
5354348,0.0
5355349,0.0
5356350,0.0
5357351,0.0
5358352,0.0
5359353,10.536072458532127
5360354,0.0
5361355,19.972365040986677
5362356,22.55974361798757
5363357,0.0
5364358,0.0
5365359,7.206382063812369
5366360,17.617291724704227
5367361,25.469226822493656
5368362,0.0
5369363,24.64398118902286
5370364,0.0
5371365,0.0
5372366,0.0
5373367,18.026655621478206
5374368,0.0
5375369,0.0
5376370,0.0
5377371,0.0
5378372,6.448940098970534
5379373,5.574773916013028
5380374,0.0
5381375,54.87029972290394
5382376,0.0
5383377,0.0
5384378,0.0
5385379,0.0
5386380,0.0
5387381,0.0
5388382,0.0
5389383,12.729946447421932
5390384,0.0
5391385,0.0
5392386,15.716319544908535
5393387,0.0
5394388,9.047508790670669
5395389,0.0
5396390,12.630969111887968
5397391,0.0
5398392,0.0
5399393,0.0
5400394,0.0
5401395,0.0
5402396,24.58687866923413
5403397,0.0
5404398,52.109383523182714
5405399,0.0
5406400,0.0
5407401,0.0
5408402,26.602051305872514
5409403,25.56212408885757
5410404,0.0
5411405,29.10505455277084
5412406,0.0
5413407,0.0
5414408,0.0
5415409,5.741382181606631
5416410,0.0
5417411,0.0
5418412,0.0
5419413,0.0
5420414,7.5484126450776685
5421415,13.526681649106088
5422416,10.754570836704229
5423417,0.0
5424418,0.0
5425419,0.0
5426420,15.775285443710047
5427421,0.0
5428422,0.0
5429423,0.0
5430424,0.0
5431425,0.0
5432426,0.0
5433427,24.697658067581656
5434428,10.7901657692216
5435429,0.0
5436430,0.0
5437431,0.0
5438432,14.63473902155141
5439433,0.0
5440434,0.0
5441435,16.30590692945981
5442436,0.0
5443437,0.0
5444438,14.27061509151776
5445439,0.0
5446440,20.83378365661474
5447441,0.0
5448442,16.568851577912632
5449443,0.0
5450444,16.917687306931995
5451445,0.0
5452446,0.0
5453447,23.45064679321371
5454448,0.0
5455449,0.0
5456450,17.74028734848937
5457451,0.0
5458452,20.16548229082931
5459453,0.0
5460454,0.0
5461455,34.05042986888946
5462456,0.0
5463457,0.0
5464458,0.0
5465459,0.0
5466460,0.0
5467461,0.0
5468462,18.475659776979956
5469463,0.0
5470464,21.808965607336823
5471465,0.0
5472466,21.49754414742957
5473467,0.0
5474468,0.0
5475469,14.449405445514717
5476470,0.0
5477471,0.0
5478472,0.0
5479473,0.0
5480474,2.5834658529324854
5481475,32.630160750244634
5482476,0.0
5483477,8.306165665464585
5484478,0.0
5485479,0.0
5486480,0.0
5487481,10.66104729496215
5488482,0.0
5489483,0.0
5490484,0.0
5491485,11.725594965023536
5492486,0.0
5493487,0.0
5494488,0.0
5495489,0.0
5496490,0.0
5497491,0.0
5498492,0.0
5499493,0.0
5500494,0.0
5501495,37.13432630682661
5502496,0.0
5503497,16.32477887988639
5504498,0.0
5505499,27.014768733676686
5506500,13.253321058124698
5507501,0.0
5508502,0.0
5509503,0.0
5510504,0.0
5511505,0.0
5512506,0.0
5513507,0.0
5514508,0.0
5515509,0.0
5516510,0.0
5517511,13.651201654666421
5518512,0.0
5519513,0.0
5520514,0.0
5521515,0.0
5522516,0.0
5523517,41.94267251664331
5524518,0.0
5525519,0.0
5526520,0.0
5527521,0.0
5528522,0.0
5529523,0.0
5530524,23.472768193104937
5531525,20.652808587012682
5532526,16.546475645966588
5533527,0.0
5534528,13.083946168438883
5535529,0.0
5536530,5.994718227728431
5537531,0.0
5538532,14.312346707008706
5539533,0.0
5540534,0.0
5541535,0.0
5542536,0.0
5543537,8.887248380834178
5544538,0.0
5545539,0.0
5546540,0.0
5547541,0.0
5548542,0.0
5549543,20.74640007498612
5550544,0.0
5551545,0.0
5552546,0.0
5553547,0.0
5554548,0.0
5555549,0.0
5556550,0.0
5557551,0.0
5558552,30.60802525850215
5559553,0.0
5560554,0.0
5561555,2.6475525214961433
5562556,0.0
5563557,0.0
5564558,0.0
5565559,0.0
5566560,0.0
5567561,0.0
5568562,0.0
5569563,0.0
5570564,0.0
5571565,0.0
5572566,0.0
5573567,0.0
5574568,0.0
5575569,0.0
5576570,18.807477541511687
5577571,0.0
5578572,9.269926797507253
5579573,0.0
5580574,0.0
5581575,0.0
5582576,0.0
5583577,0.0
5584578,0.0
5585579,18.085387525319927
5586580,0.0
5587581,10.579226691639285
5588582,19.28834929275062
5589583,0.0
5590584,16.213364693853052
5591585,39.09633012571077
5592586,0.0
5593587,0.0
5594588,0.0
5595589,0.0
5596590,0.0
5597591,35.19426834263246
5598592,6.219323400056703
5599593,0.0
5600594,0.0
5601595,0.0
5602596,0.0
5603597,0.0
5604598,0.0
5605599,0.0
5606600,2.750396106710926
5607601,0.0
5608602,17.13109249008442
5609603,0.0
5610604,0.0
5611605,0.0
5612606,0.0
5613607,0.0
5614608,0.0
5615609,28.924302355356566
5616610,0.0
5617611,12.364989989863652
5618612,0.0
5619613,0.0
5620614,0.0
5621615,29.420063192937846
5622616,0.0
5623617,0.0
5624618,0.0
5625619,0.0
5626620,29.988171878002788
5627621,45.10430859170955
5628622,12.660231531230664
5629623,3.585872360216172
5630624,12.527638364436525
5631625,0.0
5632626,10.857367345809546
5633627,0.0
5634628,0.0
5635629,0.0
5636630,0.0
5637631,9.304488316898508
5638632,0.0
5639633,0.0
5640634,0.0
5641635,0.0
5642636,0.0
5643637,0.0
5644638,15.444028674759261
5645639,28.838398588724342
5646640,0.0
5647641,0.0
5648642,0.0
5649643,0.0
5650644,10.181973467689566
5651645,0.0
5652646,14.816859422611941
5653647,0.0
5654648,0.0
5655649,0.0
5656650,1.8033477700603284
5657651,0.0
5658652,0.0
5659653,0.0
5660654,8.278627678746718
5661655,0.0
5662656,5.003897617439695
5663657,11.9849768518016
5664658,0.0
5665659,0.0
5666660,0.0
5667661,0.0
5668662,35.941359799527895
5669663,0.0
5670664,0.0
5671665,0.0
5672666,0.0
5673667,39.14897666913197
5674668,0.8581351702025583
5675669,0.0
5676670,0.0
5677671,0.0
5678672,4.510742128500891
5679673,0.0
5680674,18.565772088064918
5681675,0.0
5682676,35.62300327745505
5683677,0.0
5684678,0.0
5685679,0.0
5686680,0.0
5687681,0.0
5688682,0.0
5689683,34.43135844047626
5690684,1.749126070632027
5691685,0.0
5692686,0.0
5693687,4.485934625815672
5694688,0.0
5695689,0.0
5696690,0.0
5697691,15.906887488715235
5698692,0.0
5699693,0.0
5700694,24.460700560660168
5701695,22.31338587617625
5702696,0.0
5703697,0.0
5704698,0.0
5705699,0.0
5706700,0.0
5707701,0.0
5708702,20.61702112317535
5709703,0.0
5710704,11.587155770603419
5711705,0.0
5712706,0.0
5713707,11.921099280427226
5714708,0.0
5715709,0.0
5716710,0.0
5717711,17.683165435239324
5718712,0.0
5719713,0.0
5720714,0.0
5721715,27.54661520808522
5722716,0.0
5723717,0.0
5724718,0.0
5725719,0.0
5726720,0.0
5727721,0.0
5728722,0.0
5729723,0.0
5730724,0.0
5731725,0.0
5732726,15.795393435524216
5733727,0.0
5734728,25.30253905170907
5735729,0.0
5736730,0.0
5737731,0.0
5738732,0.0
5739733,0.0
5740734,21.739949919601088
5741735,0.0
5742736,0.0
5743737,0.0
5744738,0.0
5745739,0.0
5746740,24.024727283599155
5747741,0.0
5748742,8.462538067226918
5749743,14.528495341549014
5750744,0.0
5751745,0.0
5752746,0.0
5753747,28.14034010877901
5754748,0.0
5755749,0.0
5756750,0.0
5757751,17.151719167554326
5758752,24.705371098090318
5759753,17.398118948689806
5760754,0.0
5761755,0.0
5762756,0.0
5763757,2.6355202829951025
5764758,0.0
5765759,0.0
5766760,18.515985290011226
5767761,0.0
5768762,25.18539091260646
5769763,0.0
5770764,0.0
5771765,0.0
5772766,0.0
5773767,14.96399549019976
5774768,0.0
5775769,0.0
5776770,0.0
5777771,11.073863496975468
5778772,0.0
5779773,0.0
5780774,0.0
5781775,0.0
5782776,0.0
5783777,46.07348462251842
5784778,12.701688881795253
5785779,0.0
5786780,0.0
5787781,0.0
5788782,0.0
5789783,0.0
5790784,0.0
5791785,5.250227270566458
5792786,0.0
5793787,66.82482485705802
5794788,0.0
5795789,0.0
5796790,0.0
5797791,0.0
5798792,0.0
5799793,0.0
5800794,0.0
5801795,19.527268413294436
5802796,17.407486954816957
5803797,0.0
5804798,11.092596349995704
5805799,0.0
5806800,19.721046892742496
5807801,0.0
5808802,0.0
5809803,0.0
5810804,0.0
5811805,0.0
5812806,0.0
5813807,1.8408201109029947
5814808,13.359859314027554
5815809,0.0
5816810,0.0
5817811,6.34456109330173
5818812,12.917809152623994
5819813,0.0
5820814,0.0
5821815,0.0
5822816,0.0
5823817,0.0
5824818,0.0
5825819,0.0
5826820,26.033813399947338
5827821,0.0
5828822,0.0
5829823,9.300959855644821
5830824,4.671650720623877
5831825,0.0
5832826,5.577418598819898
5833827,0.0
5834828,0.0
5835829,0.0
5836830,0.0
5837831,0.0
5838832,0.0
5839833,0.0
5840834,55.96265955686075
5841835,0.0
5842836,17.155932048439254
5843837,0.0
5844838,0.0
5845839,0.0
5846840,17.063940845936155
5847841,0.0
5848842,0.0
5849843,0.0
5850844,0.0
5851845,18.284466020595406
5852846,0.0
5853847,26.903735671787967
5854848,4.620688684166515
5855849,0.0
5856850,0.0
5857851,0.0
5858852,0.0
5859853,0.0
5860854,0.0
5861855,18.15043946810916
5862856,16.122983769963472
5863857,14.24663490134654
5864858,0.0
5865859,22.971401495855947
5866860,0.0
5867861,11.526567985551644
5868862,0.0
5869863,0.0
5870864,0.0
5871865,0.0
5872866,17.908313221434696
5873867,33.09096723007841
5874868,0.0
5875869,0.0
5876870,0.0
5877871,0.0
5878872,11.118770039563532
5879873,0.0
5880874,0.0
5881875,13.211478709928082
5882876,0.0
5883877,0.0
5884878,0.0
5885879,0.0
5886880,0.0
5887881,0.0
5888882,0.0
5889883,0.0
5890884,0.0
5891885,0.0
5892886,9.448349558913451
5893887,0.0
5894888,0.0
5895889,0.0
5896890,0.0
5897891,0.0
5898892,0.0
5899893,0.0
5900894,16.95058601933747
5901895,0.0
5902896,0.0
5903897,0.0
5904898,0.0
5905899,0.0
5906900,0.0
5907901,0.0
5908902,0.0
5909903,0.0
5910904,0.0
5911905,0.0
5912906,0.0
5913907,0.0
5914908,0.0
5915909,8.121565949038148
5916910,0.0
5917911,0.0
5918912,0.0
5919913,0.0
5920914,0.0
5921915,0.0
5922916,0.0
5923917,0.0
5924918,0.0
5925919,0.0
5926920,0.0
5927921,57.11354337155239
5928922,0.0
5929923,62.94391379988797
5930924,0.0
5931925,9.870897585482833
5932926,12.26048299988904
5933927,0.0
5934928,16.83409043843264
5935929,0.0
5936930,4.906854655390846
5937931,0.0
5938932,3.648992413591023
5939933,0.0
5940934,0.0
5941935,54.482785166075814
5942936,23.625438757103275
5943937,0.0
5944938,0.0
5945939,0.0
5946940,0.0
5947941,18.45291738750341
5948942,10.593579162910476
5949943,0.0
5950944,0.0
5951945,0.0
5952946,0.0
5953947,0.0
5954948,39.94569695688526
5955949,0.0
5956950,0.0
5957951,0.0
5958952,0.0
5959953,0.0
5960954,0.0
5961955,0.0
5962956,4.56794491151346
5963957,19.588876960366353
5964958,0.0
5965959,0.0
5966960,0.9230738279477222
5967961,0.0
5968962,0.0
5969963,0.0
5970964,0.0
5971965,19.03196453350961
5972966,0.0
5973967,0.0
5974968,0.0
5975969,15.32865850294187
5976970,29.35908174968082
5977971,9.061286097951973
5978972,0.0
5979973,0.0
5980974,0.0
5981975,15.250194297069555
5982976,0.0
5983977,0.0
5984978,0.0
5985979,0.0
5986980,0.0
5987981,0.0
5988982,0.0
5989983,12.516723480783368
5990984,0.0
5991985,0.0
5992986,6.687418900311873
5993987,0.0
5994988,38.56971115785653
5995989,0.0
5996990,0.0
5997991,5.367521226529969
5998992,0.0
5999993,0.0
6000994,0.0
6001995,0.0
6002996,0.0
6003997,0.0
6004998,0.0
6005999,0.0
6007000,0.0
6008001,0.0
6009002,0.0
6010003,5.512022514227328
6011004,0.0
6012005,0.0
6013006,0.0
6014007,0.0
6015008,0.0
6016009,0.0
6017010,0.0
6018011,0.0
6019012,0.0
6020013,5.547730985501551
6021014,0.0
6022015,0.0
6023016,0.0
6024017,7.17798633110122
6025018,0.0
6026019,0.0
6027020,0.0
6028021,0.0
6029022,7.501847711157902
6030023,0.0
6031024,0.0
6032025,17.929052012000952
6033026,0.0
6034027,0.0
6035028,0.0
6036029,0.0
6037030,0.0
6038031,0.0
6039032,0.0
6040033,0.0
6041034,0.0
6042035,0.0
6043036,0.0
6044037,0.0
6045038,0.0
6046039,0.0
6047040,0.0
6048041,12.178315012563578
6049042,0.0
6050043,17.81776739158215
6051044,0.0
6052045,0.0
6053046,0.0
6054047,0.0
6055048,0.0
6056049,0.0
6057050,18.094553705917875
6058051,0.0
6059052,0.0
6060053,0.0
6061054,0.0
6062055,0.0
6063056,12.527389304193813
6064057,0.0
6065058,0.0
6066059,0.0
6067060,0.0
6068061,0.0
6069062,0.0
6070063,0.0
6071064,0.0
6072065,0.0
6073066,13.544803993506553
6074067,7.913585336550462
6075068,0.0
6076069,0.0
6077070,0.0
6078071,27.016307994598577
6079072,0.0
6080073,0.0
6081074,0.0
6082075,0.0
6083076,25.0601119523548
6084077,0.0
6085078,0.0
6086079,0.0
6087080,0.0
6088081,13.7363928826401
6089082,22.130812614434344
6090083,9.2435000880028
6091084,11.007357401490012
6092085,0.0
6093086,0.0
6094087,0.0
6095088,19.01615483012479
6096089,56.40114857110244
6097090,0.0
6098091,0.0
6099092,0.0
6100093,0.0
6101094,0.0
6102095,0.0
6103096,0.0
6104097,0.0
6105098,0.0
6106099,0.0
6107100,23.39583652707376
6108101,0.0
6109102,0.0
6110103,11.653989228093566
6111104,0.0
6112105,0.0
6113106,0.0
6114107,2.5186546289897587
6115108,14.421958092030799
6116109,0.0
6117110,3.3232095764517897
6118111,0.0
6119112,0.0
6120113,0.0
6121114,0.0
6122115,0.0
6123116,0.0
6124117,0.0
6125118,11.848970463827888
6126119,0.0
6127120,0.0
6128121,15.690758498540347
6129122,0.0
6130123,0.0
6131124,15.419079200707563
6132125,0.0
6133126,0.0
6134127,0.0
6135128,0.0
6136129,0.0
6137130,12.407488924473132
6138131,0.0
6139132,0.0
6140133,0.0
6141134,0.0
6142135,0.0
6143136,0.0
6144137,63.081768215591666
6145138,0.0
6146139,0.0
6147140,12.462251159169714
6148141,11.039500389242386
6149142,0.0
6150143,21.05205451287774
6151144,0.0
6152145,0.0
6153146,0.0
6154147,0.0
6155148,0.0
6156149,11.071256940249576
6157150,0.0
6158151,10.218737976845352
6159152,26.998452141880648
6160153,0.0
6161154,0.0
6162155,0.0
6163156,0.0
6164157,0.0
6165158,30.46840630937746
6166159,0.0
6167160,0.0
6168161,0.0
6169162,0.0
6170163,6.4057311703782185
6171164,0.0
6172165,0.0
6173166,0.0
6174167,19.08445007318235
6175168,0.0
6176169,0.0
6177170,0.0
6178171,3.6793996026578544
6179172,0.0
6180173,0.0
6181174,0.0
6182175,0.0
6183176,0.0
6184177,11.151533161958316
6185178,26.773021218365752
6186179,12.70249201508454
6187180,0.0
6188181,0.0
6189182,0.0
6190183,0.0
6191184,32.17212334389252
6192185,0.0
6193186,0.0
6194187,0.0
6195188,0.0
6196189,0.0
6197190,0.0
6198191,0.0
6199192,0.0
6200193,12.810868163291559
6201194,0.0
6202195,0.0
6203196,0.0
6204197,0.0
6205198,0.0
6206199,0.0
6207200,0.0
6208201,9.04275163421909
6209202,0.0
6210203,13.84651523931789
6211204,0.0
6212205,0.0
6213206,8.26377097479095
6214207,19.658569541936043
6215208,0.0
6216209,0.0
6217210,0.0
6218211,0.0
6219212,0.0
6220213,0.0
6221214,6.454510924224681
6222215,0.0
6223216,0.0
6224217,0.0
6225218,9.00132881155056
6226219,5.658980205574712
6227220,0.0
6228221,10.777475508626832
6229222,0.0
6230223,29.183668838907042
6231224,0.0
6232225,0.0
6233226,0.0
6234227,10.647510647457299
6235228,0.0
6236229,0.0
6237230,23.046547810964288
6238231,5.3351257760863104
6239232,0.0
6240233,16.486656283017375
6241234,0.0
6242235,0.0
6243236,0.0
6244237,0.0
6245238,0.0
6246239,22.221652646178534
6247240,0.0
6248241,0.0
6249242,27.67424296310553
6250243,0.0
6251244,0.0
6252245,0.0
6253246,7.520644672932218
6254247,0.0
6255248,0.0
6256249,0.0
6257250,19.81795551819956
6258251,3.7545484178345756
6259252,16.1413001905104
6260253,14.811313860468342
6261254,0.0
6262255,0.0
6263256,0.0
6264257,15.055544990064824
6265258,0.0
6266259,0.0
6267260,19.987871296310534
6268261,0.0
6269262,0.0
6270263,0.0
6271264,30.045651400491003
6272265,0.0
6273266,11.779925440147554
6274267,13.06974744885379
6275268,0.0
6276269,0.0
6277270,0.0
6278271,0.0
6279272,0.0
6280273,2.7790058779817777
6281274,0.0
6282275,0.0
6283276,0.0
6284277,0.0
6285278,0.0
6286279,22.593407540013565
6287280,34.54534427569779
6288281,15.920436819662363
6289282,0.0
6290283,12.528832812913183
6291284,15.393558688997633
6292285,0.0
6293286,18.448078350372274
6294287,20.931498147145923
6295288,5.87818113667022
6296289,0.0
6297290,0.0
6298291,14.319127455449552
6299292,0.0
6300293,10.672011462396663
6301294,0.0
6302295,0.0
6303296,7.574372251243708
6304297,0.0
6305298,0.0
6306299,0.0
6307300,0.0
6308301,0.0
6309302,0.0
6310303,0.0
6311304,8.402363858214189
6312305,26.178929655867268
6313306,0.0
6314307,0.0
6315308,15.752663356252794
6316309,0.0
6317310,0.0
6318311,0.0
6319312,0.0
6320313,0.0
6321314,14.458141136216376
6322315,0.0
6323316,0.0
6324317,0.0
6325318,13.61421390636286
6326319,0.0
6327320,14.383869343798946
6328321,15.074051461209015
6329322,6.634495450026454
6330323,0.0
6331324,0.0
6332325,0.0
6333326,0.0
6334327,21.346316313567424
6335328,0.0
6336329,0.0
6337330,19.88971765481338
6338331,0.0
6339332,0.0
6340333,0.0
6341334,0.0
6342335,0.0
6343336,0.0
6344337,0.0
6345338,0.0
6346339,0.0
6347340,0.0
6348341,0.0
6349342,0.0
6350343,0.0
6351344,31.396928221396216
6352345,0.0
6353346,0.0
6354347,0.0
6355348,0.0
6356349,0.0
6357350,0.0
6358351,0.0
6359352,0.0
6360353,0.0
6361354,27.5456068884458
6362355,0.0
6363356,0.0
6364357,23.67061765807909
6365358,0.0
6366359,0.0
6367360,0.0
6368361,9.245864045081507
6369362,11.814353057080407
6370363,7.521131141808996
6371364,0.0
6372365,0.0
6373366,9.324577890001144
6374367,0.0
6375368,0.0
6376369,0.0
6377370,0.0
6378371,0.0
6379372,0.0
6380373,0.0
6381374,0.0
6382375,34.14132182904803
6383376,0.0
6384377,0.0
6385378,9.146282507258086
6386379,0.0
6387380,0.0
6388381,0.0
6389382,0.0
6390383,0.0
6391384,0.0
6392385,35.41341721155061
6393386,0.0
6394387,0.0
6395388,0.0
6396389,0.0
6397390,0.0
6398391,9.629440240500449
6399392,0.0
6400393,0.0
6401394,0.0
6402395,0.0
6403396,12.490421526554373
6404397,0.0
6405398,0.0
6406399,0.0
6407400,0.0
6408401,10.712851383955533
6409402,0.0
6410403,0.0
6411404,0.0
6412405,0.0
6413406,0.0
6414407,0.0
6415408,0.0
6416409,0.0
6417410,0.0
6418411,0.0
6419412,23.1945932337684
6420413,0.0
6421414,0.0
6422415,0.0
6423416,16.575862922419432
6424417,0.0
6425418,20.161584399308072
6426419,0.0
6427420,0.0
6428421,0.0
6429422,25.016266519259688
6430423,0.0
6431424,0.0
6432425,0.0
6433426,0.0
6434427,30.834702284869216
6435428,0.0
6436429,0.0
6437430,0.0
6438431,0.0
6439432,6.264859814858694
6440433,0.0
6441434,17.338668203458496
6442435,9.389971900979447
6443436,0.0
6444437,16.39624325713481
6445438,0.0
6446439,6.717491620877953
6447440,0.0
6448441,0.0
6449442,0.0
6450443,0.0
6451444,0.0
6452445,25.17108347879484
6453446,0.0
6454447,13.3222797923363
6455448,0.0
6456449,0.0
6457450,18.13080192497888
6458451,25.486953130688796
6459452,0.0
6460453,0.0
6461454,0.0
6462455,0.0
6463456,0.0
6464457,0.0
6465458,0.0
6466459,14.544959736856223
6467460,0.0
6468461,0.0
6469462,11.98361593987757
6470463,0.0
6471464,0.0
6472465,0.0
6473466,0.0
6474467,0.0
6475468,0.0
6476469,0.0
6477470,0.0
6478471,0.0
6479472,0.0
6480473,0.0
6481474,20.577702722887214
6482475,0.0
6483476,0.0
6484477,0.0
6485478,0.0
6486479,16.33606333790302
6487480,0.0
6488481,7.450567169771725
6489482,0.0
6490483,0.0
6491484,0.0
6492485,12.393630792117825
6493486,0.0
6494487,0.0
6495488,9.09547762786226
6496489,0.0
6497490,0.8
6498491,10.971637884506446
6499492,0.0
6500493,0.0
6501494,0.0
6502495,0.0
6503496,0.0
6504497,0.0
6505498,0.0
6506499,24.536994571368282
6507500,0.0
6508501,0.0
6509502,0.0
6510503,0.0
6511504,0.0
6512505,0.0
6513506,17.462686027925486
6514507,11.619136387006646
6515508,0.0
6516509,0.0
6517510,14.788403495436762
6518511,16.654301356069716
6519512,0.0
6520513,16.48002694507477
6521514,3.674817853444319
6522515,0.0
6523516,19.942808900685854
6524517,0.0
6525518,0.0
6526519,0.0
6527520,16.842223065258985
6528521,0.0
6529522,0.0
6530523,0.0
6531524,8.31383146155585
6532525,0.0
6533526,0.0
6534527,0.0
6535528,0.0
6536529,0.0
6537530,20.55579789625551
6538531,0.0
6539532,0.0
6540533,15.746650675886405
6541534,0.0
6542535,0.0
6543536,17.880676085095953
6544537,0.0
6545538,0.0
6546539,0.0
6547540,0.0
6548541,0.0
6549542,0.0
6550543,0.0
6551544,0.0
6552545,0.0
6553546,5.345366556052227
6554547,14.32734607797968
6555548,0.0
6556549,14.805900877695128
6557550,0.0
6558551,16.638438806615788
6559552,5.436841663653666
6560553,0.0
6561554,29.851805289285576
6562555,0.0
6563556,0.0
6564557,0.0
6565558,8.370819822171033
6566559,0.0
6567560,0.0
6568561,0.0
6569562,0.0
6570563,14.03963682497022
6571564,26.584922327980646
6572565,11.184012258269323
6573566,0.0
6574567,2.7819140975446173
6575568,0.0
6576569,0.0
6577570,0.0
6578571,0.0
6579572,0.0
6580573,0.0
6581574,0.0
6582575,0.0
6583576,19.078659844626824
6584577,0.0
6585578,22.359829626506922
6586579,0.0
6587580,0.0
6588581,0.0
6589582,38.11339531938585
6590583,0.0
6591584,0.0
6592585,0.0
6593586,0.0
6594587,0.0
6595588,0.0
6596589,0.0
6597590,0.0
6598591,0.0
6599592,0.0
6600593,0.0
6601594,19.83911535877221
6602595,0.0
6603596,0.0
6604597,0.0
6605598,0.0
6606599,0.0
6607600,0.0
6608601,15.548200170569185
6609602,0.0
6610603,0.0
6611604,17.787184796104082
6612605,0.0
6613606,0.0
6614607,18.519560060324977
6615608,22.884598340603286
6616609,0.0
6617610,0.0
6618611,0.0
6619612,0.0
6620613,0.0
6621614,0.0
6622615,0.0
6623616,0.0
6624617,0.0
6625618,0.0
6626619,0.0
6627620,0.0
6628621,16.41542275825564
6629622,0.0
6630623,10.621302291995299
6631624,0.0
6632625,0.0
6633626,0.0
6634627,0.0
6635628,0.0
6636629,0.0
6637630,0.0
6638631,0.0
6639632,0.0
6640633,0.0
6641634,8.239251953497542
6642635,2.710275071194543
6643636,0.0
6644637,0.0
6645638,0.0
6646639,0.0
6647640,0.0
6648641,13.842891656265865
6649642,46.67994888550279
6650643,0.0
6651644,5.355823950476716
6652645,0.0
6653646,18.898443227171335
6654647,0.0
6655648,13.412642095008199
6656649,0.0
6657650,0.0
6658651,0.0
6659652,0.0
6660653,0.0
6661654,0.0
6662655,0.0
6663656,21.761255097293247
6664657,0.0
6665658,5.497831407823288
6666659,66.71036508149315
6667660,0.0
6668661,19.740344771551147
6669662,20.138487389878154
6670663,0.0
6671664,0.0
6672665,0.0
6673666,0.0
6674667,10.754179351499328
6675668,5.641958679605735
6676669,3.6510801211078285
6677670,0.0
6678671,0.0
6679672,0.0
6680673,20.370800879158804
6681674,0.0
6682675,0.0
6683676,0.0
6684677,0.0
6685678,0.0
6686679,0.0
6687680,0.0
6688681,0.0
6689682,16.342378777540027
6690683,0.0
6691684,13.682990469516247
6692685,0.0
6693686,0.0
6694687,0.0
6695688,0.0
6696689,0.0
6697690,0.0
6698691,0.0
6699692,0.0
6700693,7.978922955341275
6701694,0.0
6702695,0.0
6703696,0.0
6704697,0.0
6705698,0.0
6706699,0.0
6707700,0.0
6708701,0.0
6709702,28.466533758477457
6710703,0.0
6711704,0.0
6712705,5.426577469794999
6713706,0.0
6714707,0.0
6715708,37.29132176892587
6716709,0.0
6717710,0.0
6718711,14.46125719790409
6719712,0.0
6720713,0.0
6721714,0.0
6722715,0.0
6723716,46.37397155668571
6724717,13.277575617511834
6725718,0.0
6726719,0.0
6727720,0.0
6728721,0.0
6729722,0.0
6730723,0.0
6731724,0.0
6732725,0.0
6733726,0.0
6734727,0.0
6735728,0.0
6736729,0.0
6737730,0.0
6738731,0.0
6739732,0.0
6740733,0.0
6741734,0.0
6742735,0.0
6743736,33.379488416565934
6744737,24.681364551355927
6745738,0.0
6746739,0.0
6747740,0.0
6748741,0.0
6749742,0.0
6750743,0.0
6751744,0.0
6752745,0.0
6753746,0.0
6754747,0.0
6755748,10.728824037560042
6756749,0.0
6757750,0.0
6758751,32.03715376706345
6759752,0.0
6760753,0.0
6761754,0.0
6762755,0.0
6763756,0.0
6764757,28.46403028691299
6765758,0.0
6766759,0.0
6767760,0.0
6768761,0.0
6769762,0.0
6770763,17.35602949807672
6771764,0.0
6772765,0.0
6773766,0.0
6774767,0.0
6775768,0.0
6776769,0.0
6777770,15.343060529084395
6778771,16.576177434005828
6779772,0.0
6780773,17.42835617858457
6781774,0.0
6782775,0.0
6783776,0.0
6784777,12.879395890106148
6785778,0.0
6786779,25.289586703061634
6787780,0.0
6788781,9.943485011370209
6789782,0.0
6790783,0.0
6791784,0.0
6792785,11.711023645783408
6793786,0.0
6794787,0.0
6795788,0.0
6796789,19.460235535016817
6797790,0.0
6798791,0.0
6799792,9.098502684246249
6800793,0.0
6801794,0.0
6802795,19.197944305062038
6803796,0.0
6804797,0.0
6805798,25.398277391341733
6806799,17.20004879939643
6807800,0.0
6808801,0.0
6809802,0.0
6810803,0.0
6811804,19.022846115725393
6812805,0.0
6813806,35.531455193693304
6814807,0.0
6815808,0.0
6816809,12.122908621415194
6817810,12.50893877182227
6818811,0.0
6819812,0.0
6820813,0.0
6821814,0.0
6822815,0.0
6823816,0.0
6824817,0.0
6825818,0.0
6826819,0.0
6827820,0.0
6828821,0.0
6829822,0.0
6830823,0.0
6831824,0.0
6832825,0.0
6833826,0.0
6834827,0.0
6835828,24.87370068967965
6836829,26.147645055658412
6837830,0.0
6838831,0.0
6839832,0.0
6840833,0.0
6841834,0.0
6842835,0.0
6843836,0.0
6844837,10.061172198200728
6845838,0.0
6846839,0.0
6847840,0.0
6848841,27.52174060766852
6849842,9.113228115814513
6850843,0.0
6851844,0.0
6852845,0.0
6853846,14.271441900130243
6854847,0.0
6855848,0.0
6856849,25.77514584520553
6857850,0.0
6858851,0.0
6859852,0.0
6860853,0.0
6861854,0.0
6862855,0.0
6863856,0.0
6864857,0.0
6865858,0.0
6866859,0.0
6867860,0.0
6868861,0.0
6869862,0.0
6870863,0.0
6871864,0.0
6872865,0.0
6873866,0.0
6874867,0.0
6875868,47.36163503035313
6876869,0.0
6877870,19.90009416255789
6878871,0.0
6879872,0.0
6880873,0.0
6881874,0.0
6882875,1.8197031243872046
6883876,0.0
6884877,0.0
6885878,0.0
6886879,0.0
6887880,0.0
6888881,0.0
6889882,0.0
6890883,21.334027260008284
6891884,0.0
6892885,12.278365164386235
6893886,27.451740088580472
6894887,0.0
6895888,0.0
6896889,0.0
6897890,0.0
6898891,0.0
6899892,0.0
6900893,0.0
6901894,15.694081051182948
6902895,0.0
6903896,0.0
6904897,0.0
6905898,0.0
6906899,0.0
6907900,0.0
6908901,11.92051284047555
6909902,0.0
6910903,0.0
6911904,14.749958202800123
6912905,0.0
6913906,0.0
6914907,0.0
6915908,0.0
6916909,0.0
6917910,0.0
6918911,0.0
6919912,17.2407744570374
6920913,0.0
6921914,0.0
6922915,21.656070926592704
6923916,0.0
6924917,0.0
6925918,0.0
6926919,0.0
6927920,0.0
6928921,0.0
6929922,0.0
6930923,15.06935576449753
6931924,0.0
6932925,15.00156562236994
6933926,0.0
6934927,0.0
6935928,26.70602569994178
6936929,0.0
6937930,31.900914758174892
6938931,0.0
6939932,0.0
6940933,0.0
6941934,0.0
6942935,0.0
6943936,0.0
6944937,0.0
6945938,0.0
6946939,11.48704871491779
6947940,11.953850418795845
6948941,0.0
6949942,22.3581346419681
6950943,0.0
6951944,19.365569751603083
6952945,0.0
6953946,0.0
6954947,0.0
6955948,0.0
6956949,4.413652391547634
6957950,0.0
6958951,0.0
6959952,5.3163120082955215
6960953,0.0
6961954,0.0
6962955,0.0
6963956,0.0
6964957,0.0
6965958,29.86424402715527
6966959,0.0
6967960,0.0
6968961,0.0
6969962,0.0
6970963,0.0
6971964,20.944966663140033
6972965,0.0
6973966,0.0
6974967,0.0
6975968,0.0
6976969,0.0
6977970,0.0
6978971,0.0
6979972,0.0
6980973,0.0
6981974,0.0
6982975,0.0
6983976,0.0
6984977,22.61018112772567
6985978,9.210554675252357
6986979,0.0
6987980,0.0
6988981,0.0
6989982,0.0
6990983,22.91832175158662
6991984,11.057257045182224
6992985,0.8937968686001863
6993986,0.0
6994987,0.0
6995988,0.0
6996989,0.0
6997990,0.0
6998991,41.274486333819944
6999992,12.034187878138589
7000993,0.0
7001994,0.0
7002995,0.0
7003996,19.40174745513589
7004997,0.0
7005998,0.0
7006999,0.0
7008000,0.0
7009001,0.0
7010002,0.0
7011003,0.0
7012004,10.779021092682589
7013005,5.568100348297457
7014006,0.0
7015007,9.857718315971406
7016008,0.0
7017009,0.0
7018010,0.0
7019011,0.0
7020012,0.0
7021013,0.0
7022014,43.13213540481639
7023015,0.0
7024016,16.707696900073422
7025017,2.7961484829526304
7026018,0.0
7027019,0.0
7028020,5.657160305240716
7029021,19.67097765158252
7030022,0.0
7031023,0.0
7032024,12.37371076987096
7033025,42.13848489146084
7034026,12.558104175342033
7035027,4.434631689517817
7036028,0.0
7037029,0.0
7038030,7.450208418888859
7039031,25.498406713660057
7040032,0.0
7041033,9.36479116057075
7042034,27.917772021051547
7043035,23.029590468894607
7044036,18.631795856637808
7045037,8.397099174638365
7046038,0.0
7047039,0.0
7048040,0.0
7049041,0.0
7050042,0.0
7051043,0.0
7052044,0.0
7053045,0.0
7054046,0.0
7055047,0.0
7056048,0.0
7057049,0.0
7058050,10.073337166792736
7059051,5.33624362934922
7060052,0.0
7061053,0.0
7062054,0.0
7063055,0.0
7064056,35.810435005988104
7065057,0.9219056149193946
7066058,0.0
7067059,0.0
7068060,25.243741507934853
7069061,21.666683146610833
7070062,0.0
7071063,43.403510350566364
7072064,0.0
7073065,0.0
7074066,0.0
7075067,0.0
7076068,27.78364962492294
7077069,0.0
7078070,0.0
7079071,20.473393296670974
7080072,0.0
7081073,40.504516207754826
7082074,0.0
7083075,17.65506122989376
7084076,0.0
7085077,0.0
7086078,0.0
7087079,0.0
7088080,0.0
7089081,23.659296180818885
7090082,28.471612999527217
7091083,0.0
7092084,0.0
7093085,0.0
7094086,16.161566013422966
7095087,17.610457189742768
7096088,0.0
7097089,0.0
7098090,23.81402581985022
7099091,0.0
7100092,0.0
7101093,1.788743629849118
7102094,0.0
7103095,30.45894055041842
7104096,0.0
7105097,0.0
7106098,0.0
7107099,0.0
7108100,0.0
7109101,28.482682210299718
7110102,0.0
7111103,0.0
7112104,0.0
7113105,0.0
7114106,0.0
7115107,0.0
7116108,0.0
7117109,19.22473831866897
7118110,0.0
7119111,37.81269066900373
7120112,0.0
7121113,10.117797259538937
7122114,0.0
7123115,0.0
7124116,0.0
7125117,0.0
7126118,0.0
7127119,0.0
7128120,0.0
7129121,0.0
7130122,0.0
7131123,0.0
7132124,0.0
7133125,0.0
7134126,0.0
7135127,0.0
7136128,17.751586890932092
7137129,28.2897435629241
7138130,0.0
7139131,0.0
7140132,0.0
7141133,0.0
7142134,8.847411206484521
7143135,0.0
7144136,30.330045011257447
7145137,0.0
7146138,21.420779244885544
7147139,0.0
7148140,0.0
7149141,24.388096757848658
7150142,0.0
7151143,0.0
7152144,0.0
7153145,21.253816661941
7154146,0.0
7155147,21.050694842970284
7156148,0.0
7157149,0.0
7158150,20.831709367179776
7159151,0.0
7160152,18.20947841525774
7161153,0.0
7162154,0.0
7163155,0.0
7164156,0.0
7165157,0.0
7166158,0.0
7167159,0.0
7168160,0.0
7169161,20.154874540713102
7170162,0.0
7171163,0.0
7172164,0.0
7173165,0.0
7174166,14.111385893986359
7175167,0.0
7176168,0.0
7177169,0.0
7178170,0.0
7179171,8.292823648056073
7180172,0.0
7181173,18.648524693113124
7182174,12.843046079658917
7183175,0.0
7184176,0.0
7185177,0.0
7186178,23.776031090838348
7187179,21.753288759008715
7188180,7.380124911116538
7189181,0.0
7190182,0.0
7191183,0.0
7192184,0.0
7193185,5.654524169703598
7194186,17.082332775343957
7195187,0.0
7196188,0.0
7197189,0.0
7198190,0.0
7199191,10.098048466218438
7200192,0.0
7201193,10.099408162797545
7202194,0.0
7203195,3.6922541065349437
7204196,0.0
7205197,0.0
7206198,24.379779408254606
7207199,0.0
7208200,0.0
7209201,0.0
7210202,0.0
7211203,0.0
7212204,0.0
7213205,0.0
7214206,0.0
7215207,0.0
7216208,0.0
7217209,0.0
7218210,0.0
7219211,29.55103304610954
7220212,0.0
7221213,0.0
7222214,29.48294955852305
7223215,0.0
7224216,29.75629078641606
7225217,13.79023166655335
7226218,19.28782950532067
7227219,0.0
7228220,0.0
7229221,0.0
7230222,15.423738068570723
7231223,0.0
7232224,0.0
7233225,0.0
7234226,18.33210948088994
7235227,0.0
7236228,4.446745224588018
7237229,29.53208027940387
7238230,6.584748675146079
7239231,0.0
7240232,0.0
7241233,0.0
7242234,18.00610653917508
7243235,0.0
7244236,39.289252078475734
7245237,0.0
7246238,0.0
7247239,0.0
7248240,12.09863633808682
7249241,32.726079500804715
7250242,30.991150039472604
7251243,1.8032338729773563
7252244,0.0
7253245,16.902104855907123
7254246,0.0
7255247,0.0
7256248,0.0
7257249,0.0
7258250,0.0
7259251,0.0
7260252,3.634962450474318
7261253,33.32728639437517
7262254,0.0
7263255,0.0
7264256,0.0
7265257,0.0
7266258,18.598229359079493
7267259,0.0
7268260,0.0
7269261,0.0
7270262,0.0
7271263,0.0
7272264,0.0
7273265,0.0
7274266,0.0
7275267,0.0
7276268,0.0
7277269,0.0
7278270,0.0
7279271,0.0
7280272,9.16825916810398
7281273,0.0
7282274,0.0
7283275,29.709735584728225
7284276,0.0
7285277,38.65685101847784
7286278,0.0
7287279,58.01061688566778
7288280,0.0
7289281,0.0
7290282,33.31310549040638
7291283,15.70340373773571
7292284,0.0
7293285,0.0
7294286,0.0
7295287,0.0
7296288,0.0
7297289,0.0
7298290,0.0
7299291,0.0
7300292,0.0
7301293,27.236439634703338
7302294,0.0
7303295,70.9143396743534
7304296,0.0
7305297,0.0
7306298,10.912690415515138
7307299,0.0
7308300,0.0
7309301,0.0
7310302,38.75955441555311
7311303,0.0
7312304,0.0
7313305,0.0
7314306,13.969003183416314
7315307,3.6667416255847236
7316308,6.54555175182751
7317309,0.0
7318310,20.428377414529958
7319311,0.0
7320312,19.193433795850375
7321313,0.0
7322314,14.112105915318423
7323315,5.70315533844193
7324316,0.0
7325317,0.0
7326318,21.22648901958027
7327319,20.38696590826515
7328320,0.0
7329321,28.944914612829013
7330322,0.0
7331323,0.0
7332324,0.0
7333325,0.0
7334326,0.0
7335327,0.0
7336328,26.120203284149497
7337329,0.0
7338330,0.0
7339331,0.0
7340332,0.0
7341333,0.0
7342334,0.0
7343335,0.0
7344336,0.0
7345337,0.0
7346338,0.0
7347339,0.0
7348340,28.63869614684831
7349341,0.0
7350342,0.0
7351343,0.0
7352344,14.0152689176619
7353345,0.0
7354346,40.47053147555231
7355347,0.0
7356348,0.0
7357349,21.90458504693748
7358350,0.0
7359351,0.0
7360352,11.690204747910085
7361353,0.0
7362354,0.0
7363355,7.510717780395453
7364356,0.0
7365357,0.0
7366358,0.0
7367359,4.572426505126172
7368360,6.430316753772439
7369361,0.0
7370362,41.69064048756658
7371363,0.0
7372364,0.0
7373365,0.0
7374366,0.0
7375367,0.0
7376368,0.0
7377369,0.0
7378370,0.0
7379371,0.0
7380372,0.0
7381373,0.0
7382374,0.0
7383375,0.0
7384376,0.0
7385377,0.0
7386378,0.0
7387379,0.0
7388380,0.0
7389381,22.074648517807283
7390382,0.0
7391383,0.0
7392384,27.449900532872118
7393385,0.0
7394386,0.0
7395387,13.629048418227875
7396388,0.0
7397389,0.0
7398390,0.0
7399391,0.0
7400392,0.0
7401393,0.0
7402394,0.0
7403395,0.0
7404396,0.0
7405397,0.0
7406398,0.0
7407399,0.0
7408400,24.171725662389225
7409401,0.0
7410402,0.0
7411403,0.0
7412404,27.419683943480834
7413405,0.0
7414406,0.0
7415407,22.694351185156613
7416408,17.47294299813826
7417409,0.0
7418410,0.0
7419411,0.0
7420412,16.463680580351774
7421413,0.0
7422414,0.0
7423415,0.0
7424416,16.549148790320796
7425417,0.0
7426418,0.0
7427419,0.0
7428420,0.0
7429421,0.0
7430422,0.0
7431423,0.0
7432424,0.0
7433425,0.0
7434426,24.76897373481402
7435427,18.353821024260768
7436428,0.0
7437429,0.0
7438430,0.0
7439431,0.0
7440432,31.58494998544036
7441433,13.776607899407594
7442434,37.430792585928174
7443435,0.0
7444436,0.0
7445437,0.0
7446438,0.0
7447439,0.0
7448440,40.60525472404472
7449441,4.6591827764089535
7450442,0.0
7451443,0.0
7452444,0.0
7453445,12.007145053063178
7454446,10.332951221510918
7455447,0.0
7456448,0.0
7457449,19.148296769898728
7458450,0.0
7459451,0.0
7460452,0.0
7461453,0.0
7462454,0.0
7463455,0.0
7464456,0.0
7465457,0.0
7466458,7.980415246956547
7467459,23.76285951955206
7468460,16.386521020890136
7469461,0.0
7470462,0.0
7471463,0.0
7472464,0.0
7473465,0.0
7474466,0.0
7475467,0.0
7476468,0.0
7477469,51.85525015204838
7478470,0.0
7479471,21.837873627608918
7480472,0.0
7481473,0.0
7482474,0.0
7483475,0.0
7484476,22.56277753389569
7485477,0.0
7486478,18.49012676142716
7487479,0.0
7488480,45.25092828303129
7489481,21.847780294074422
7490482,0.0
7491483,20.11232697048859
7492484,0.0
7493485,0.0
7494486,0.0
7495487,5.4335176868757635
7496488,14.58357272783115
7497489,0.0
7498490,0.0
7499491,0.0
7500492,22.23214272675501
7501493,31.568220136516466
7502494,0.0
7503495,39.04266199101841
7504496,2.847125306858758
7505497,0.0
7506498,0.0
7507499,21.97343924599648
7508500,0.0
7509501,0.0
7510502,0.0
7511503,0.0
7512504,17.0598129805422
7513505,0.0
7514506,0.0
7515507,0.0
7516508,0.0
7517509,0.0
7518510,13.961124387320003
7519511,0.0
7520512,0.0
7521513,0.0
7522514,9.965365073908814
7523515,0.0
7524516,0.0
7525517,0.0
7526518,0.0
7527519,0.0
7528520,0.0
7529521,12.066881359985826
7530522,0.0
7531523,0.0
7532524,0.0
7533525,0.0
7534526,15.051810104735843
7535527,0.0
7536528,34.43862668207345
7537529,0.0
7538530,0.0
7539531,24.437797717923555
7540532,0.0
7541533,0.0
7542534,0.0
7543535,0.0
7544536,0.0
7545537,0.0
7546538,0.0
7547539,26.755726770400223
7548540,0.0
7549541,0.0
7550542,0.0
7551543,0.0
7552544,0.0
7553545,21.25742885333598
7554546,0.0
7555547,0.0
7556548,31.015745116711717
7557549,0.0
7558550,15.664361527465926
7559551,0.0
7560552,11.750998085109893
7561553,0.0
7562554,0.0
7563555,0.0
7564556,0.0
7565557,20.682384661394025
7566558,22.593858622668755
7567559,0.0
7568560,13.762980789139988
7569561,53.87585823725029
7570562,43.020828893921525
7571563,0.0
7572564,17.52200076739278
7573565,0.0
7574566,0.0
7575567,0.0
7576568,0.0
7577569,5.45701260409893
7578570,0.0
7579571,20.34748530893578
7580572,39.597328028291
7581573,0.0
7582574,36.857069556434695
7583575,0.0
7584576,4.8122373992076
7585577,15.299571891283383
7586578,0.0
7587579,0.0
7588580,0.0
7589581,0.0
7590582,0.0
7591583,31.048593083160476
7592584,10.966038323909473
7593585,0.0
7594586,0.0
7595587,0.0
7596588,0.0
7597589,14.877556127643953
7598590,0.0
7599591,0.0
7600592,0.0
7601593,21.29154291936753
7602594,0.0
7603595,0.0
7604596,0.0
7605597,0.0
7606598,0.0
7607599,15.145636018762213
7608600,12.235841539420544
7609601,0.0
7610602,16.28295667262263
7611603,0.0
7612604,0.0
7613605,0.0
7614606,16.753136144577063
7615607,0.0
7616608,0.0
7617609,0.0
7618610,19.36335745309064
7619611,0.0
7620612,13.25651284174796
7621613,0.0
7622614,1.873158427216437
7623615,0.0
7624616,0.0
7625617,13.93539877735085
7626618,0.0
7627619,0.0
7628620,0.0
7629621,0.0
7630622,22.915562865387603
7631623,0.0
7632624,14.18237674319607
7633625,0.0
7634626,0.0
7635627,0.0
7636628,0.0
7637629,0.0
7638630,0.0
7639631,0.0
7640632,11.950744679100522
7641633,32.79014536365947
7642634,10.229958032101349
7643635,0.0
7644636,0.0
7645637,0.0
7646638,12.55143165073731
7647639,0.0
7648640,0.0
7649641,0.0
7650642,17.391239460510388
7651643,0.0
7652644,0.0
7653645,15.733483528964005
7654646,0.0
7655647,0.0
7656648,14.74155226153453
7657649,0.0
7658650,0.0
7659651,6.337639452167951
7660652,0.0
7661653,10.962537945304202
7662654,0.0
7663655,0.0
7664656,0.0
7665657,0.0
7666658,0.0
7667659,0.0
7668660,0.0
7669661,15.537925342434832
7670662,0.0
7671663,0.0
7672664,0.0
7673665,19.69642580817179
7674666,0.0
7675667,24.287711072613785
7676668,24.34862615349023
7677669,0.0
7678670,0.0
7679671,0.0
7680672,23.3416754799578
7681673,11.176189273157533
7682674,0.0
7683675,0.0
7684676,0.0
7685677,0.0
7686678,0.0
7687679,0.0
7688680,0.0
7689681,22.697218410760996
7690682,12.386747933665568
7691683,46.38886438609238
7692684,0.0
7693685,0.0
7694686,18.35490308006575
7695687,0.0
7696688,0.0
7697689,0.0
7698690,0.0
7699691,0.0
7700692,35.66908999370445
7701693,9.045469944411249
7702694,22.63655126273132
7703695,0.0
7704696,0.0
7705697,58.685633661221146
7706698,17.03612688654204
7707699,0.0
7708700,0.0
7709701,15.624413542424435
7710702,12.105623191087966
7711703,0.0
7712704,0.0
7713705,0.0
7714706,0.0
7715707,0.0
7716708,0.0
7717709,26.80621024958767
7718710,0.0
7719711,0.0
7720712,0.0
7721713,0.0
7722714,6.628302905911856
7723715,0.0
7724716,83.261520184682
7725717,0.0
7726718,0.0
7727719,0.0
7728720,0.0
7729721,0.0
7730722,26.1415445060492
7731723,0.0
7732724,14.332460208771991
7733725,0.0
7734726,0.0
7735727,17.530964480967228
7736728,0.9821321306039253
7737729,0.0
7738730,0.0
7739731,0.0
7740732,22.669159956565466
7741733,0.0
7742734,0.0
7743735,0.0
7744736,0.0
7745737,14.870125579448505
7746738,9.379393956372493
7747739,20.230446899780933
7748740,0.0
7749741,0.0
7750742,0.0
7751743,0.0
7752744,0.0
7753745,21.41007796589918
7754746,0.0
7755747,0.0
7756748,0.0
7757749,0.0
7758750,0.0
7759751,16.311285450357964
7760752,0.0
7761753,0.0
7762754,0.0
7763755,0.0
7764756,17.526228951983782
7765757,0.0
7766758,5.684287211017444
7767759,0.0
7768760,0.0
7769761,0.0
7770762,0.0
7771763,0.0
7772764,0.0
7773765,24.11003311018697
7774766,0.0
7775767,5.579623302887696
7776768,0.0
7777769,8.188647369978654
7778770,13.695039204601958
7779771,0.0
7780772,0.0
7781773,10.959269765196083
7782774,0.0
7783775,0.0
7784776,0.0
7785777,0.0
7786778,0.0
7787779,0.0
7788780,0.0
7789781,31.666353137665038
7790782,16.653999071777452
7791783,0.0
7792784,0.0
7793785,21.18648328674448
7794786,13.627540217444698
7795787,34.688143832921426
7796788,0.0
7797789,0.0
7798790,12.32486573954799
7799791,22.390831637101076
7800792,14.150665966292035
7801793,0.0
7802794,0.0
7803795,15.394262476390399
7804796,0.0
7805797,12.661591446669123
7806798,0.0
