timestep,episodic_return
1000,6.3823282214598045
2001,11.377253336840587
3002,6.929202016438675
4003,16.340147650021137
5004,21.490097187362874
6005,24.797294745382562
7006,22.977549832778838
8007,23.442056783470875
9008,36.53376597913038
10009,33.630773546417885
11010,53.67208119993326
12011,75.92401690777425
13012,74.45099078657442
14013,87.95733185947347
15014,93.3256388703179
16015,98.06233550167451
17016,105.83808711492999
18017,122.11550363155173
19018,125.3409977445502
20019,140.55384927160713
21020,151.9555522770997
22021,157.77367111286108
23022,50.82199469859323
24023,124.63315464364337
25024,77.86619203890157
26025,170.22142052646163
27026,155.08497161811823
28027,150.616295691877
29028,182.64853408280936
30029,178.1216228958624
31030,149.86494373545176
32031,185.5946319680611
33032,20.225993063457594
34033,165.938410768526
35034,33.5814671645659
36035,194.83565648008894
37036,180.9197010615677
38037,32.601548573326056
39038,196.38750794290655
40039,70.94278389528057
41040,222.71991760142765
42041,214.42330632588158
43042,96.88029710649616
44043,134.89533416629854
45044,236.98832841836128
46045,61.877683091286144
47046,199.6470776340575
48047,226.50543793798755
49048,39.73011378187478
50049,207.14467569359488
51050,235.15752983252426
52051,77.19351453022608
53052,234.87723344432933
54053,230.43764724933712
55054,122.74529302621669
56055,31.6561133659061
57056,83.41775399033061
58057,195.3286788485199
59058,107.73828629327828
60059,164.1227878783618
61060,193.5794252707424
62061,110.31775083555898
63062,208.78706912291798
64063,197.24121639479966
65064,185.8656906841643
66065,47.957065709077575
67066,172.7763808344828
68067,49.95969236181594
69068,172.9587248233654
70069,57.889717374297334
71070,205.64797288523084
72071,90.08795376765704
73072,183.2694397489576
74073,168.2098768415933
75074,105.94886797590445
76075,210.86446397917967
77076,144.07122832280163
78077,211.68971426277767
79078,56.16439590026669
80079,85.91328808880732
81080,204.65023465756596
82081,200.95507306904742
83082,156.74907045022775
84083,88.91963491668179
85084,176.92755388782322
86085,218.88250561200374
87086,89.07089238922045
88087,222.3699497418116
89088,153.2103568669658
90089,194.58574092775478
91090,78.55801257414807
92091,175.07445946337117
93092,201.39585979415475
94093,217.3805321023611
95094,115.48805718420323
96095,207.55139110310685
97096,206.41328884188675
98097,226.18239223419374
99098,114.8474350094154
100099,202.3151456384619
101100,208.16276795085827
102101,255.21294291164048
103102,127.2985978096177
104103,60.05267302994668
105104,205.00234882425354
106105,58.419337878275506
107106,143.89677627349087
108107,208.56335397873158
109108,206.0513996120993
110109,207.60327539264054
111110,200.69301857879645
112111,87.3242706635936
113112,212.39940772656465
114113,74.82184500804313
115114,223.55591698463752
116115,247.20498748043877
117116,250.74727360338963
118117,203.4804959826224
119118,210.94829647991264
120119,100.78347866781344
121120,246.19432414456688
122121,38.85121919600867
123122,180.93342325370037
124123,225.1862152520973
125124,232.26702579847552
126125,191.15973754397746
127126,210.24843933272504
128127,241.72738884780685
129128,209.8885429442571
130129,248.43730965775464
131130,245.78624505514605
132131,45.683574695564666
133132,240.78845495764224
134133,94.65707490490945
135134,56.45721102195685
136135,242.42802543000855
137136,221.93633049081646
138137,208.2199266899189
139138,247.39365709172282
140139,261.19555452970644
141140,244.1921709711243
142141,256.32346474746
143142,220.1477759171859
144143,242.21439508221312
145144,232.00561115141628
146145,239.90132429776
147146,237.90313498828533
148147,262.3558880394882
149148,235.90452215733652
150149,269.4657099774786
151150,293.82083006998863
152151,236.27797461905863
153152,110.31372101031221
154153,259.10520857154546
155154,254.8293253149438
156155,263.6564187200267
157156,246.4756186119083
158157,253.87611818590085
159158,262.3454040844199
160159,117.35187336923816
161160,277.0094989747314
162161,192.59066170677048
163162,231.46337909179462
164163,225.80595417813947
165164,273.09142629398747
166165,46.999735399590634
167166,244.94693080288394
168167,281.49834235508615
169168,63.78104133188401
170169,271.1671516931906
171170,177.33882395885007
172171,252.55813312058962
173172,283.4834814955654
174173,264.15404084363166
175174,53.02324957226202
176175,277.50887586250263
177176,298.2854762152904
178177,293.99961284570196
179178,307.00655204168896
180179,280.47674156969947
181180,309.74579963562485
182181,224.55829046539586
183182,290.8793657287831
184183,236.1918158185112
185184,263.4720751157755
186185,120.67851800003204
187186,303.8130567903384
188187,159.7170061571549
189188,171.37179935194962
190189,227.56450626470266
191190,211.01628482716936
192191,33.52902560677099
193192,155.3305913773477
194193,288.501937114917
195194,302.0788383145277
196195,287.7184970372287
197196,199.98357401068276
198197,279.82735405305806
199198,24.2169300689323
200199,199.51446950133538
201200,135.7967528386487
202201,260.0586946569809
203202,299.4544030924106
204203,112.73160107785657
205204,276.115595058358
206205,298.48397495386286
207206,198.45699398966502
208207,289.9408711117628
209208,138.48713592245178
210209,64.43568809367578
211210,102.50253294850043
212211,200.63913945412983
213212,78.00883715164552
214213,245.63361408671605
215214,260.7963499358358
216215,298.4094258744469
217216,109.57951087021218
218217,181.5732089776742
219218,266.5138057395568
220219,203.32281444489766
221220,166.44001131505294
222221,264.15548447246215
223222,309.7066965199618
224223,76.9119665974113
225224,159.1629266432264
226225,112.55008529879207
227226,236.4465327959369
228227,237.79831037306874
229228,285.8988310376752
230229,168.8779659008581
231230,176.00779686561586
232231,152.53997292523042
233232,281.0850876939996
234233,91.81519095028062
235234,293.0240183903688
236235,295.9376914113491
237236,264.70604592349264
238237,210.72457659329496
239238,276.2324795875915
240239,177.09985314311714
241240,295.27304555970653
242241,301.0395469188201
243242,252.3909763001873
244243,301.653059541215
245244,53.127660646015585
246245,76.44444650125983
247246,197.04309327982338
248247,123.72994925440527
249248,99.92036629238386
250249,241.43789772361578
251250,215.20035887470755
252251,298.9894854771072
253252,31.731301526711544
254253,294.49579497323714
255254,268.9412760321359
256255,58.07827380408948
257256,267.2158173629494
258257,309.3739201209871
259258,307.19649217818295
260259,291.8669376462195
261260,67.37748040221896
262261,289.3567611720159
263262,252.6577231280589
264263,149.4467589007583
265264,299.03216096978366
266265,158.34352436856298
267266,295.3108874272278
268267,277.92417375308776
269268,195.5499597762376
270269,50.100103342089234
271270,36.916260477341424
272271,211.70129479558855
273272,21.979348420973942
274273,220.31002671922585
275274,302.0024330003283
276275,267.6591523660451
277276,128.35220284716692
278277,68.54238726158738
279278,308.9941248874606
280279,276.37188669434755
281280,295.1163455181203
282281,222.10323146610773
283282,318.9179953565304
284283,123.12084519811089
285284,240.9250391361214
286285,97.9941415166399
287286,55.28486529867942
288287,296.6926409186838
289288,314.6201057612341
290289,183.2192654037282
291290,246.7439285186757
292291,143.44746284730687
293292,100.35683589224044
294293,146.9821444655151
295294,25.443229113516935
296295,301.7948357820801
297296,290.05388715337006
298297,64.96990417370066
299298,236.44534369640104
300299,241.32552029786103
301300,284.5320901946332
302301,107.63748866279042
303302,275.11040422242695
304303,275.7869828065073
305304,295.6614175316441
306305,278.92560141761845
307306,83.94776393135483
308307,187.28186297887612
309308,301.05885896778256
310309,135.28679185999945
311310,278.72386462274744
312311,301.62477544195974
313312,287.66062736702975
314313,301.07098763312683
315314,295.66543905867513
316315,256.8952033549929
317316,287.81363408415496
318317,130.96635447219003
319318,277.69790465031497
320319,172.6003208052751
321320,68.00179266861643
322321,281.68768132043124
323322,282.8589902488824
324323,301.7977601847869
325324,248.01475090573786
326325,168.14468631233026
327326,289.98916922260537
328327,303.6423794546865
329328,274.7662985750472
330329,117.37897133879149
331330,298.64140842831273
332331,281.91485400033963
333332,291.0139634102196
334333,325.36770289841485
335334,313.80060861225013
336335,300.0638120291379
337336,292.56863878763744
338337,210.50402262097634
339338,300.3860845789883
340339,301.08342477814944
341340,289.434057097263
342341,288.83637561840135
343342,296.8840945380199
344343,270.9826703249658
345344,162.7677966197502
346345,292.26439648437463
347346,65.42446566849951
348347,310.0709294139379
349348,254.23671220158553
350349,300.10145979065504
351350,283.2397727985566
352351,57.01239432585384
353352,160.42714515533646
354353,279.13116026974643
355354,273.1209144171361
356355,297.72124286072
357356,291.59820431272004
358357,302.84816837090716
359358,293.942418703723
360359,291.4748619850809
361360,288.3512482367449
362361,303.9679668267516
363362,290.20866566517617
364363,297.87554997004645
365364,283.6223483564959
366365,316.95750239332773
367366,297.33460601091144
368367,291.26668029545374
369368,300.94975632497824
370369,150.007329195319
371370,307.79623387458275
372371,306.69979148210297
373372,320.0166585134134
374373,269.6664933281913
375374,290.2051581771341
376375,303.6777454057345
377376,318.7564400419013
378377,288.9102448963105
379378,128.63851116274714
380379,299.77923579870514
381380,318.59889563683356
382381,316.7479531140856
383382,315.1865393919393
384383,332.4398858157001
385384,302.4794965507365
386385,295.58528661549235
387386,34.53001969512251
388387,306.86363871084006
389388,31.49676174600255
390389,296.3371928588327
391390,40.30190260693211
392391,68.22645950922744
393392,287.7095505629765
394393,246.86760488551232
395394,14.545098391101051
396395,27.10447842662105
397396,264.3172548514937
398397,317.09688354274135
399398,63.437517076885825
400399,129.38314957652278
401400,317.49385956156317
402401,298.417134097874
403402,294.99258717625867
404403,289.2439223365043
405404,168.45772769201946
406405,300.09502417966274
407406,315.1443512290181
408407,311.99750090247954
409408,315.4182462108939
410409,124.24683310750548
411410,67.53125034120924
412411,295.20977008416463
413412,246.6236746692213
414413,49.45047776102761
415414,311.7024441308813
416415,139.56078871587584
417416,117.25000746623108
418417,317.65745082053076
419418,120.9587532320522
420419,310.08083396866374
421420,185.05865069830998
422421,269.8072824275802
423422,131.59397949683063
424423,171.98355524070598
425424,260.1660002751429
426425,290.28156391337507
427426,288.8089804948137
428427,269.9430702529076
429428,291.40616920183476
430429,292.1343742413196
431430,293.4460090242843
432431,292.3652039632124
433432,52.51903887417282
434433,134.41714397729135
435434,305.0142212922811
436435,157.01863779832084
437436,50.62858295831046
438437,139.05618558738357
439438,285.1009784440769
440439,272.92939484170637
441440,80.38494443276741
442441,32.451490265579324
443442,274.5141271314427
444443,39.06635827196584
445444,319.8723102271517
446445,295.65195696004815
447446,297.59410350502577
448447,304.80134743949606
449448,292.85557526472525
450449,300.0546249512079
451450,287.9398289084091
452451,108.33408657983279
453452,293.29358438547587
454453,293.17030440444586
455454,296.5612252640022
456455,261.3472161641841
457456,104.53263078254263
458457,300.383604562641
459458,162.6088613273871
460459,302.41352511515026
461460,278.1622323691131
462461,287.2440130347815
463462,281.4277419709692
464463,303.45893383888637
465464,298.77950414533234
466465,300.5739564104435
467466,73.90322146906453
468467,146.66596402749278
469468,310.523706785768
470469,311.16949821821015
471470,277.11446179219047
472471,70.85391298888327
473472,239.77776953329848
474473,282.808258380497
475474,90.37666285834148
476475,314.2632914378382
477476,184.4161825629703
478477,273.7711483233357
479478,334.5095785858904
480479,303.6943841511158
481480,295.7038807241276
482481,319.04493659555715
483482,290.7748440528516
484483,283.535154501168
485484,297.2110690239344
486485,291.15826942244973
487486,131.21400205504324
488487,292.8134661299447
489488,188.28666236634277
490489,153.44668615997634
491490,314.2262665262853
492491,302.86806067349363
493492,98.22745279215944
494493,291.5459541836943
495494,136.8862114422553
496495,303.4758807956056
497496,299.3239311927659
498497,314.6330925184258
499498,34.49167461525251
500499,295.8674924926608
501500,238.46914107176931
502501,220.4728549395536
503502,150.18432002516445
504503,177.38019363476425
505504,144.26457145824514
506505,152.09088127678564
507506,298.87752319167197
508507,94.00013967554729
509508,93.6929818916447
510509,301.66745909260385
511510,291.45815729862846
512511,298.2345407116849
513512,66.51003316889935
514513,64.572787709762
515514,289.9168378091905
516515,293.2764962709102
517516,294.0366089223594
518517,114.19207874566006
519518,333.2083459491003
520519,144.66968025525944
521520,331.7587600325207
522521,325.52401250603685
523522,112.02974690155875
524523,260.8933612574658
525524,314.20416826659795
526525,65.91596149012723
527526,75.86848450903213
528527,115.11922783743442
529528,298.7522880586956
530529,311.10953926851215
531530,300.1202316894762
532531,107.12572805249457
533532,310.8242332792714
534533,173.01921371194547
535534,306.23818444032844
536535,323.94721483848815
537536,302.5264763768623
538537,314.6890796643914
539538,315.1230427404801
540539,294.7600494252594
541540,301.02728577498885
542541,186.84851373518717
543542,317.8717859569124
544543,303.9779936120648
545544,293.31622875146644
546545,223.13055310387156
547546,277.8117122711308
548547,227.72876132059164
549548,303.3196450246359
550549,322.31530417486783
551550,88.73974039067377
552551,311.5550611405867
553552,293.616427251655
554553,287.78634199281265
555554,304.71769914300233
556555,278.9393634991171
557556,314.4181631786156
558557,227.79336823358787
559558,326.8502737249492
560559,327.6091174954167
561560,324.61774212403657
562561,176.8396513868823
563562,315.7493445510985
564563,71.03380790412987
565564,291.8901243827216
566565,328.3953978746912
567566,301.36287298449895
568567,303.02381283334955
569568,324.93410381898207
570569,234.3459756376369
571570,304.4986521060999
572571,303.5755029124209
573572,300.49378246544626
574573,299.9907492808965
575574,323.8321314716545
576575,60.85197693728796
577576,315.7658445441275
578577,213.41980771946106
579578,310.62036807757613
580579,297.1739836493063
581580,309.9966799993908
582581,180.69294368960624
583582,308.5022390167661
584583,325.50585429065524
585584,275.2442189843971
586585,301.01763030653234
587586,307.2938449308249
588587,273.2806503868115
589588,295.2712699138183
590589,120.9810656238017
591590,325.11772159087036
592591,330.0469760277525
593592,306.3420030771893
594593,198.27756557216563
595594,320.8573130397323
596595,288.77913334195
597596,151.09731831132828
598597,96.78476560381164
599598,307.83735362778907
600599,243.16539024455582
601600,303.4390533028701
602601,173.12024836576765
603602,131.23064597412764
604603,291.42946049431384
605604,288.284772040286
606605,313.8555106176886
607606,246.12654180498748
608607,302.01344191370004
609608,71.15576992687176
610609,157.1427186827961
611610,316.48815945100085
612611,287.58075733434083
613612,322.5532418766432
614613,290.24587152885016
615614,276.958075123691
616615,59.592750650967105
617616,337.1861643134738
618617,306.50779780647053
619618,278.0545467483304
620619,308.9061020702161
621620,291.18756619207437
622621,283.9359046936832
623622,331.99795192632797
624623,302.6264452226624
625624,252.2248507149966
626625,312.18931428260413
627626,312.1276421211127
628627,296.01726874208975
629628,298.91659917467643
630629,295.73531493085164
631630,123.96600223148243
632631,312.15206462276143
633632,309.82162768073647
634633,304.47836825183407
635634,304.63646016225516
636635,313.31321915638796
637636,260.60278850114827
638637,235.22866590558218
639638,305.53146313088416
640639,110.43160273254603
641640,313.3686048544281
642641,307.7651943047696
643642,318.23287001148043
644643,324.38298057988374
645644,307.0645461990473
646645,60.304003200957574
647646,312.4466057388248
648647,318.0142351980832
649648,243.02990911602174
650649,171.71781723303587
651650,328.71588674523537
652651,276.370334680186
653652,271.2270542459469
654653,280.34302776068716
655654,322.9330732374712
656655,277.67333704442643
657656,251.1712294090615
658657,319.08608606830927
659658,194.5620661351547
660659,147.01584538681885
661660,302.7582131770154
662661,116.03126654926103
663662,80.55458746761927
664663,65.3785346425713
665664,307.20656848822034
666665,90.96423238900776
667666,68.31876017164129
668667,321.7353913959852
669668,314.63445629457993
670669,114.56286347501
671670,52.77087315323328
672671,164.0212985978178
673672,125.20994462201288
674673,314.6057818596843
675674,260.47403690193244
676675,316.6417306698466
677676,266.72852369039566
678677,321.05505870593663
679678,255.93705726037118
680679,323.7508485093417
681680,180.75401799763776
682681,314.2327332517509
683682,107.20979314076618
684683,167.97346021739656
685684,320.71035139814745
686685,299.8855034199534
687686,302.7173110074455
688687,284.73924005246084
689688,265.9271202500143
690689,308.7807579790032
691690,291.64142199046535
692691,80.51098440591437
693692,187.12864420831886
694693,265.3855015452751
695694,160.14424419461804
696695,268.8313083620433
697696,270.0614157365339
698697,187.68874441744123
699698,315.30053105661864
700699,258.44467216701463
701700,119.32259385949276
702701,275.61654454915646
703702,301.8008693858457
704703,36.6239665687762
705704,236.35842243049453
706705,161.81675815409218
707706,102.74417304642441
708707,279.9313747054347
709708,61.997236845870894
710709,221.60728880964925
711710,112.441140335818
712711,49.870787935344914
713712,127.07901242266166
714713,143.71666943883145
715714,326.4760117274411
716715,47.69028946449275
717716,277.9203298226063
718717,285.45670372005327
719718,186.24253783217702
720719,265.926593908247
721720,71.94238433974246
722721,307.1770897873422
723722,90.57279495812124
724723,40.62424837105851
725724,238.38350676334633
726725,180.8837947545144
727726,90.81957722915992
728727,304.99329660819905
729728,316.2421833514785
730729,303.9039569749067
731730,233.61741134449176
732731,173.06014011998855
733732,188.6748451884169
734733,310.46890092822883
735734,291.3687799255303
736735,283.1426121319084
737736,61.600622547304184
738737,245.78343293043767
739738,58.539619457774066
740739,300.51453498477304
741740,314.2039180632868
742741,272.5271551770755
743742,267.73156054557467
744743,158.63098889779295
745744,223.26434492235808
746745,67.08790103995534
747746,314.6103762669546
748747,307.69369587399626
749748,262.66920162785823
750749,115.07367263789729
751750,145.93721851224595
752751,214.49645244581617
753752,195.7234104933032
754753,60.65003298090948
755754,116.66155757760171
756755,127.77014406933542
757756,254.43996986565247
758757,64.52287874408641
759758,259.4740142944045
760759,240.02357871621163
761760,41.6735311258383
762761,184.80969455292103
763762,76.8082989157042
764763,313.1982113026052
765764,158.11880363038674
766765,327.129551644641
767766,259.67063279094765
768767,303.9774929680011
769768,102.20943003789671
770769,294.68057356877887
771770,108.44686599847583
772771,161.33252028070976
773772,317.0742785795566
774773,207.37218875924574
775774,154.72448353385525
776775,236.70260781307806
777776,292.6487903118068
778777,293.12715646794277
779778,84.79304384386565
780779,299.3529464516153
781780,320.09744375707874
782781,189.03359879410255
783782,169.09168502263387
784783,55.53331498613672
785784,284.41567663827817
786785,301.41397966778834
787786,56.401561697894905
788787,324.93365948531573
789788,314.3422420090011
790789,312.98796828254353
791790,123.78397763496376
792791,48.26047329732333
793792,280.71966940539323
794793,85.36751637762063
795794,302.59485258302226
796795,203.9113944499515
797796,310.0529475768903
798797,312.26768296855107
799798,305.3961572996
800799,62.91295265677858
801800,278.1715400522418
802801,99.1318562121226
803802,254.7028991749382
804803,304.94956268528216
805804,306.4026566340044
806805,304.874185552413
807806,299.7999236498492
808807,341.5699954594063
809808,305.4589284760644
810809,71.21003375979905
811810,300.26830182695346
812811,298.6848058435566
813812,229.6331492277979
814813,310.6584007425331
815814,300.8878600190499
816815,304.0632662637629
817816,92.54986015185075
818817,312.31234747840324
819818,316.64847922123107
820819,327.5586159868808
821820,309.0652555019602
822821,83.03064531993489
823822,303.0503477418915
824823,284.57113869151914
825824,321.703085499298
826825,222.1730596725566
827826,275.8187037229621
828827,319.1203688130735
829828,87.9904828469909
830829,170.84918572692985
831830,309.92820731024767
832831,117.23122586821852
833832,304.36694586704044
834833,299.4318151202014
835834,266.78923570088176
836835,310.8601059311862
837836,296.9141228636254
838837,292.3369824056742
839838,196.62142133090862
840839,237.23974659242128
841840,226.86016371019352
842841,309.45735330800534
843842,235.9363801959852
844843,251.5581051412672
845844,326.55821243799113
846845,308.3484592230684
847846,281.7639651516004
848847,290.4699798473055
849848,173.4677880109631
850849,306.12049530932177
851850,292.425896803831
852851,301.8420003078349
853852,329.8292372515458
854853,59.41953402392818
855854,284.19800979370535
856855,267.72110772359116
857856,86.33075268612079
858857,253.64869723509435
859858,113.61539619731627
860859,244.52864704705507
861860,172.12525783495303
862861,83.64108323956061
863862,306.54790629966067
864863,236.1767153728816
865864,115.57429823894587
866865,306.5086890140549
867866,307.9033212374761
868867,292.8365054767127
869868,259.39576370271004
870869,61.736997631240854
871870,285.77280106913776
872871,76.44211168836438
873872,44.18734019989152
874873,288.28087597358376
875874,169.48139348693488
876875,306.12051392999894
877876,142.1355345013491
878877,162.26461037213818
879878,315.8869964504431
880879,320.6699421438841
881880,295.5465093562757
882881,185.7682110476311
883882,283.5764752885387
884883,74.61442217313706
885884,200.15035359929914
886885,314.1176400963518
887886,306.9774939781588
888887,306.9170171300276
889888,287.00778991017256
890889,288.9772440073617
891890,279.5314897014601
892891,306.7221467804948
893892,306.35487925713943
894893,300.14524882593486
895894,233.48870818194746
896895,69.72379652593543
897896,308.9518229365444
898897,297.953353652252
899898,302.02093591220023
900899,313.54985708440705
901900,255.0988859982421
902901,230.55642053251782
903902,319.8052293677979
904903,301.79780057000903
905904,291.6151911918159
906905,251.68670246790015
907906,132.49951569213513
908907,303.9163493253845
909908,298.3817894963895
910909,312.8889312680179
911910,329.99622716162423
912911,52.122709238481775
913912,320.03478944437967
914913,63.19535524122718
915914,301.4052066099312
916915,313.4280397673025
917916,315.6883727754195
918917,254.73693162762655
919918,282.8675834753946
920919,306.02298231841576
921920,255.9612967034891
922921,291.10372165907756
923922,160.8859501909145
924923,296.0867193328611
925924,301.24616125514024
926925,205.33723001891795
927926,281.55610745105577
928927,207.20082367610775
929928,74.0342904992797
930929,296.0944981523671
931930,324.94252975879175
932931,317.73430497358316
933932,336.37111543828183
934933,76.13800131108438
935934,260.99228712687807
936935,269.2305863123658
937936,308.8522891971593
938937,160.2499276024261
939938,210.4025546416507
940939,280.160567780644
941940,322.4656196352554
942941,150.11370897164886
943942,265.3885534454966
944943,65.28548081956338
945944,194.34841209454243
946945,316.65440137171055
947946,117.45754157543287
948947,87.62593083028267
949948,81.14597801568398
950949,301.53396188373495
951950,302.2743694456375
952951,167.48014160435366
953952,105.06527279089904
954953,120.30725674691985
955954,263.46493427238886
956955,56.083954345838535
957956,318.1758598212819
958957,316.36153316954346
959958,183.53431236822138
960959,296.88155934898873
961960,300.62053838346833
962961,295.5680938500833
963962,311.378212603456
964963,315.9397255412954
965964,221.39112536921286
966965,320.25696125561143
967966,135.48894214039234
968967,263.845724257361
969968,35.840686047582615
970969,326.33770308853053
971970,297.3200555131014
972971,308.85199365931794
973972,275.29284318118874
974973,169.61031460599662
975974,332.6392994781677
976975,59.399940837888145
977976,144.12826967590192
978977,32.77289599686514
979978,179.0221990437073
980979,323.86411296783996
981980,71.6958535917061
982981,103.91289815445549
983982,259.08918044271206
984983,218.87344946864528
985984,267.6165983842778
986985,128.01518662569947
987986,232.3812209309754
988987,313.6643977499988
989988,304.325651960133
990989,153.28129352902366
991990,317.3896882198222
992991,315.1682546544097
993992,327.23673449016616
994993,33.378850538189056
995994,209.75343160055615
996995,236.5798262999738
997996,311.07741949712386
998997,305.5320710789645
999998,314.9857775716649
1000999,88.02772155072209
1002000,194.2235966944612
1003001,25.773144919182805
1004002,304.6838588737233
1005003,82.52162858501052
1006004,32.351587513007
1007005,64.44285650711443
1008006,199.83540951538916
1009007,306.3656147668303
1010008,298.0069623547791
1011009,117.37071511120762
1012010,323.9949070817728
1013011,322.4029294261136
1014012,284.93444100175395
1015013,66.34650762896295
1016014,69.86751055740415
1017015,230.59632468768584
1018016,282.965438636754
1019017,58.75158455125471
1020018,295.1490759848661
1021019,295.19172952178803
1022020,153.02160427021758
1023021,210.67430001378628
1024022,298.54996787953127
1025023,96.13030555382616
1026024,313.9706598810298
1027025,194.63537611765176
1028026,260.0013402682442
1029027,236.17126995914742
1030028,310.6706731127106
1031029,40.67025879536972
1032030,317.4733739014995
1033031,164.130627728233
1034032,106.06925632020629
1035033,293.2604160847735
1036034,300.41260676785913
1037035,101.0448025535594
1038036,217.5257060923907
1039037,251.71028700729838
1040038,301.3262939293401
1041039,318.0291949700021
1042040,273.32365755243825
1043041,302.8429192869255
1044042,295.01818598853754
1045043,84.59161098527342
1046044,303.45420498025857
1047045,230.44064585350898
1048046,243.58698409516856
1049047,303.2648757988141
1050048,157.86685348614998
1051049,91.92404918036533
1052050,291.43349415515416
1053051,216.00255754556605
1054052,217.71399867927937
1055053,280.948682701624
1056054,64.25344015554047
1057055,42.20336380670077
1058056,288.37308149991867
1059057,309.5083557639195
1060058,283.5660918823158
1061059,297.02090490084856
1062060,202.6188764723912
1063061,113.77184522847439
1064062,211.95746754545385
1065063,291.98576576166755
1066064,309.53402719942414
1067065,232.57341691721152
1068066,283.4116888516042
1069067,195.39806895796272
1070068,271.3002334234608
1071069,304.3238237650987
1072070,198.28617086812315
1073071,79.04491134714112
1074072,279.35712956131107
1075073,290.79561221836803
1076074,166.99004668724294
1077075,239.10824300584292
1078076,59.635076058300875
1079077,87.05963185376095
1080078,310.78992741988696
1081079,202.77993115229893
1082080,301.2553545582593
1083081,284.6958577965975
1084082,308.30001629710165
1085083,314.51147200376045
1086084,276.8857376597814
1087085,84.74503782638526
1088086,87.36808060639189
1089087,293.08810387184974
1090088,309.51981958859267
1091089,152.204249444594
1092090,290.12527949672426
1093091,243.42168448944082
1094092,289.74376692148303
1095093,296.55029665015775
1096094,217.85188830510165
1097095,279.56065959015774
1098096,284.4275927366756
1099097,291.5664168374536
1100098,181.0713633946306
1101099,81.10197035191905
1102100,48.25746300766582
1103101,290.3240605892107
1104102,129.58720669499672
1105103,310.7716734429463
1106104,281.7905290631433
1107105,67.73836787619777
1108106,296.30359184304035
1109107,143.25961908546213
1110108,123.17404049430235
1111109,110.11002872231407
1112110,260.0628631952087
1113111,260.97759425327934
1114112,251.88060559850612
1115113,293.67810304344584
1116114,307.5372968699087
1117115,125.14912669756029
1118116,264.3330720349225
1119117,269.21125158145713
1120118,246.69225708753936
1121119,280.6103704259408
1122120,124.2909683017187
1123121,97.86303551929085
1124122,288.0640355797055
1125123,69.39295212249924
1126124,303.6666764169704
1127125,306.2870652096591
1128126,149.06693546955051
1129127,296.19239242208334
1130128,89.85064092051698
1131129,161.55226360224233
1132130,212.92333169962492
1133131,286.28813758564854
1134132,139.8337885541962
1135133,292.3939846232792
1136134,288.76626805479907
1137135,289.1548548014757
1138136,99.9290773061989
1139137,77.82429660012087
1140138,276.0476501112977
1141139,287.7311932750416
1142140,122.12100654242285
1143141,203.28868724483954
1144142,230.8495583613778
1145143,52.31104814998936
1146144,241.77605100926064
1147145,288.36847775215364
1148146,286.76456305563653
1149147,292.7203032012734
1150148,217.6194045652853
1151149,277.94765031291394
1152150,267.7876651484424
1153151,66.69750429915676
1154152,180.37014349721076
1155153,56.24711204728846
1156154,284.7969601043361
1157155,289.0843569287819
1158156,297.2570424026267
1159157,243.6895537481227
1160158,161.74386933413913
1161159,185.50872089336218
1162160,158.97133556698574
1163161,273.9299105037232
1164162,237.7294070360404
1165163,284.1802584600936
1166164,171.933716247362
1167165,280.94128373321394
1168166,228.79879643476295
1169167,226.17894532367214
1170168,209.60640690352878
1171169,243.16624873661905
1172170,57.020755436347216
1173171,238.37318708850512
1174172,229.56496224482026
1175173,290.1397353469686
1176174,274.68820444422005
1177175,216.93840686490338
1178176,301.3248663662732
1179177,169.91794617670925
1180178,278.8281718864815
1181179,290.150147438972
1182180,233.5506509627217
1183181,52.72732739075401
1184182,267.0163026028364
1185183,109.98799822597061
1186184,311.23610481597456
1187185,236.64357563100398
1188186,270.3850449201304
1189187,169.08766114042174
1190188,236.93281716750835
1191189,243.36428822584688
1192190,273.66079478113454
1193191,259.70427096279144
1194192,90.78638114265415
1195193,286.52820336899816
1196194,254.71550513420155
1197195,130.78016131163042
1198196,265.19379971920154
1199197,94.966407152574
1200198,227.40565215855298
1201199,194.93525257209242
1202200,209.87683571242573
1203201,185.46286113948523
1204202,79.06589544141866
1205203,268.8770371981911
1206204,177.69648927311403
1207205,263.25987766421275
1208206,245.30958475017067
1209207,232.4722795857507
1210208,154.3869450656641
1211209,260.0265587640946
1212210,74.73426875769813
1213211,151.5320959020871
1214212,283.12442416805544
1215213,157.53299013975948
1216214,266.94092490891524
1217215,284.6152373837652
1218216,242.55654660663484
1219217,151.58904023766726
1220218,258.1907239136701
1221219,242.8758728828189
1222220,281.33529231039137
1223221,214.9357372099774
1224222,146.31719905548766
1225223,229.3497645762719
1226224,246.25685207841516
1227225,283.8521878670782
1228226,176.08389883602337
1229227,201.7419591593271
1230228,266.5903010740991
1231229,277.311174351671
1232230,247.83601069252785
1233231,260.559348420829
1234232,245.14735326866625
1235233,67.32899849014085
1236234,119.5179871876974
1237235,263.89155300838047
1238236,280.58535837251713
1239237,186.88639178013784
1240238,285.77122574050856
1241239,267.87487659147996
1242240,219.20601402211162
1243241,165.76983444113642
1244242,55.65301786490302
1245243,207.7643217919166
1246244,85.69160526643728
1247245,268.22837934296246
1248246,120.89586071199182
1249247,60.6127331739302
1250248,170.2466902069082
1251249,228.45305607976084
1252250,283.01340514098035
1253251,270.8824396648699
1254252,243.80498857224558
1255253,268.2447380818046
1256254,258.82003045929093
1257255,260.9208823850516
1258256,79.49222896401322
1259257,102.79930420046158
1260258,270.442875868226
1261259,250.803189064001
1262260,45.7092452547559
1263261,272.54948317938516
1264262,274.6150393626354
1265263,131.1896907985537
1266264,86.63689222015165
1267265,262.29076247562347
1268266,153.2596542027274
1269267,147.34507582631892
1270268,128.4166881815141
1271269,50.874788645198805
1272270,153.07819136234616
1273271,271.0249484235975
1274272,175.4459043793872
1275273,262.7022501613498
1276274,274.98865871702947
1277275,256.9420352482632
1278276,194.3464152354496
1279277,75.71318439568873
1280278,199.36558066816283
1281279,272.8249638779671
1282280,293.3298928101957
1283281,109.0969034222323
1284282,200.40140171184237
1285283,266.5235256982688
1286284,104.90012365872897
1287285,211.58192829303943
1288286,270.20518232256126
1289287,255.78374998063413
1290288,227.4915537993166
1291289,218.8067339105064
1292290,283.2016401082818
1293291,278.35266574279564
1294292,264.66015999177466
1295293,270.73282046187643
1296294,190.60476641907158
1297295,234.6942690358571
1298296,94.54810679354046
1299297,126.10120018931637
1300298,147.10065532052172
1301299,108.0833481084249
1302300,146.22357641549095
1303301,22.249924448505006
1304302,176.78452597308632
1305303,150.7401888231694
1306304,164.94684221966781
1307305,196.25512863163374
1308306,123.48460274458431
1309307,224.50739283388282
1310308,232.44390522529795
1311309,214.87150252642743
1312310,194.5356531628379
1313311,248.2391570192182
1314312,233.88671503536875
1315313,262.1369541025222
1316314,182.41960671608115
1317315,134.75362069790103
1318316,180.3671235987517
1319317,98.38501289025938
1320318,242.9382189649355
1321319,275.0721045203328
1322320,217.6837570400354
1323321,204.93088195244025
1324322,269.37620925753527
1325323,244.12718437754333
1326324,149.55377753887296
1327325,56.85485105355847
1328326,202.9053406430447
1329327,177.66964193196313
1330328,238.10653758160538
1331329,183.69229447376728
1332330,84.13701769121239
1333331,263.582418495195
1334332,184.64776632786396
1335333,271.96357096265655
1336334,254.77264853115778
1337335,211.6846492984623
1338336,100.98480148235808
1339337,104.94507689252092
1340338,282.86805530889177
1341339,178.16970736728828
1342340,87.38251181162174
1343341,81.2481134572232
1344342,87.6535669693075
1345343,253.5065842651753
1346344,51.08511670898748
1347345,233.49020204871064
1348346,269.8135572454004
1349347,242.96975870680882
1350348,143.49796179992038
1351349,245.2229851350049
1352350,139.28119867007416
1353351,68.71864623171922
1354352,112.55598935150418
1355353,147.58915707341362
1356354,67.6223735431937
1357355,261.29195657583017
1358356,238.73419976100308
1359357,207.5984493134785
1360358,76.34148553038219
1361359,188.47696056538365
1362360,135.45264072599375
1363361,287.2664016566698
1364362,261.0353035143837
1365363,195.90373190636913
1366364,256.6198782659394
1367365,265.51908051283226
1368366,293.0595939563157
1369367,278.08962303887364
1370368,136.11054817001656
1371369,282.0188795392993
1372370,167.8559065533142
1373371,79.6331315241077
1374372,253.28286639926043
1375373,208.65161654601542
1376374,189.18914521748937
1377375,274.3409637266605
1378376,198.10390036068608
1379377,37.19011852115661
1380378,262.95961926424593
1381379,146.14613238367465
1382380,273.1776704590083
1383381,203.00845522139744
1384382,78.37597290776361
1385383,283.31533290541677
1386384,298.21923481877934
1387385,249.11215943630518
1388386,179.02811760122222
1389387,88.00613946618496
1390388,206.03463973042187
1391389,238.79903158288099
1392390,66.08465756772871
1393391,307.6182385308516
1394392,74.58618984441247
1395393,178.89290142630213
1396394,250.47457535540622
1397395,181.63918327048287
1398396,302.2400388473274
1399397,152.4004189158055
1400398,269.354471660946
1401399,72.92542247060264
1402400,285.8134319883427
1403401,248.3756944100585
1404402,270.4088449662818
1405403,225.19453558146844
1406404,248.30060914431724
1407405,105.4922937440113
1408406,288.2775299925411
1409407,257.8643831755697
1410408,235.24163042093036
1411409,228.72962806812473
1412410,242.86919552332682
1413411,51.321446726619584
1414412,274.5012440264978
1415413,209.30715432212753
1416414,265.13734854703785
1417415,261.2162349510762
1418416,276.7851364452082
1419417,246.68258515519003
1420418,133.8159323498715
1421419,231.17070949338782
1422420,292.57811311966026
1423421,107.53482450324407
1424422,292.2913377451752
1425423,48.895981250149305
1426424,291.5055105518691
1427425,257.25762434951247
1428426,148.73575351493673
1429427,188.31674439906456
1430428,78.57689586283485
1431429,140.33546534992627
1432430,282.78014707329226
1433431,282.54134041291456
1434432,281.86546369291045
1435433,80.9993828092541
1436434,269.7613419005702
1437435,302.1377682851194
1438436,150.39925255947318
1439437,284.69985425413927
1440438,63.88724790346828
1441439,58.52618905375988
1442440,243.16596358018833
1443441,210.17510585406012
1444442,284.1619098504498
1445443,233.54560174884548
1446444,292.993234157377
1447445,276.1912906770215
1448446,298.9117700232004
1449447,124.01443385319301
1450448,273.8089533264788
1451449,276.2799488391278
1452450,253.3194919872094
1453451,260.13288272512045
1454452,270.7097772289935
1455453,266.1515714097167
1456454,206.47813155011244
1457455,292.43031975762074
1458456,275.6654851152079
1459457,256.2559862770284
1460458,290.5469842178386
1461459,245.32092100060115
1462460,279.2793460508305
1463461,155.20135002566053
1464462,184.3669271951263
1465463,142.13137399675165
1466464,134.70567603098533
1467465,67.68078332095702
1468466,264.73145819257724
1469467,284.0182904775361
1470468,226.69272481774885
1471469,75.65578011909746
1472470,265.40547808971183
1473471,285.3403715384033
1474472,276.30390733576996
1475473,210.38046076831495
1476474,287.21112727138
1477475,250.60283225204012
1478476,272.71733621131636
1479477,270.02915020035596
1480478,245.2234715758542
1481479,186.28872945376682
1482480,277.59183055978696
1483481,280.821239813903
1484482,72.25089493922361
1485483,263.9646195248728
1486484,261.3364318946896
1487485,101.20034118600904
1488486,276.0211805775333
1489487,280.30487785741707
1490488,269.84100357645264
1491489,265.1167285673851
1492490,275.6741066123832
1493491,240.25653949878262
1494492,296.64161506795955
1495493,256.7910673344304
1496494,262.5771182145243
1497495,283.09375862395956
1498496,238.5805205751993
1499497,105.16297413337865
1500498,264.0930200174631
1501499,258.88151398568147
1502500,288.39584177893954
1503501,70.70448764630348
1504502,229.12109572727712
1505503,263.4344630295313
1506504,223.9166525748453
1507505,274.74692887889165
1508506,284.05599931895006
1509507,224.3498941566246
1510508,279.44837454224705
1511509,286.41333542748913
1512510,277.1164704283573
1513511,289.1480437062466
1514512,178.3441442147781
1515513,280.8934915075709
1516514,150.80103142847196
1517515,226.91649913271232
1518516,98.66736397284386
1519517,187.78488161951404
1520518,270.27701370098373
1521519,228.15459174714837
1522520,215.93310667783516
1523521,93.13239642319155
1524522,205.68107274079807
1525523,282.3148613970618
1526524,111.40964035383139
1527525,214.42242036039192
1528526,194.9625616045585
1529527,60.81990496791823
1530528,272.29677827935734
1531529,279.18226724659235
1532530,180.22009677181256
1533531,280.55400070516
1534532,200.89648581921793
1535533,225.8469283254036
1536534,277.076766455558
1537535,202.84321037083893
1538536,253.4252671731741
1539537,186.96950268475115
1540538,251.10824642113516
1541539,160.57129129745258
1542540,262.2782731528846
1543541,78.05290257628928
1544542,239.1010191693138
1545543,114.66598833357058
1546544,60.95168318314554
1547545,263.6010027133657
1548546,49.40694463469774
1549547,267.82490315909376
1550548,267.5928671096936
1551549,262.1394156336986
1552550,259.9735404198632
1553551,163.37767852675108
1554552,249.120718500524
1555553,261.3704958087787
1556554,266.6399538856138
1557555,79.86516295368266
1558556,259.4208777821952
1559557,253.14122825630753
1560558,274.94016070869884
1561559,206.33026985063822
1562560,278.83351751934373
1563561,276.5138554532231
1564562,80.07704432048712
1565563,100.69874234616958
1566564,108.50490060143788
1567565,106.28204034557373
1568566,167.54698483129363
1569567,232.08290302850236
1570568,282.4470478108333
1571569,239.0291416555846
1572570,266.8944443506523
1573571,39.9781125304349
1574572,250.6580958166345
1575573,186.21480017200992
1576574,277.9492278792858
1577575,110.09413246458102
1578576,259.16984627971146
1579577,248.3421774815953
1580578,239.80641691948964
1581579,212.19472516139518
1582580,259.676108924882
1583581,245.0698441017572
1584582,66.06933420728292
1585583,131.31956845738304
1586584,139.7082351967838
1587585,272.2156846684418
1588586,279.63491374432834
1589587,176.7924215308031
1590588,83.74777655789019
1591589,260.05781070593713
1592590,239.61349741710114
1593591,213.54469692914859
1594592,269.6090525345848
1595593,132.48869325161718
1596594,268.1901775802715
1597595,68.77431584506755
1598596,38.6333694140986
1599597,263.9232092415876
1600598,154.60971975095183
1601599,255.63722278385086
1602600,254.22631992923155
1603601,197.96933407327623
1604602,73.18009007239384
1605603,245.71556967264868
1606604,239.47940821678517
1607605,193.93052499910215
1608606,179.55535137749806
1609607,98.61262763582474
1610608,176.23231659345873
1611609,99.15714155693837
1612610,242.55674280680824
1613611,230.48427885624184
1614612,190.7150778069264
1615613,272.7664132001413
1616614,87.58600751015334
1617615,260.77866989008766
1618616,265.47535173604814
1619617,250.43080450256502
1620618,247.8016765761479
1621619,230.24200007610685
1622620,223.29985129735223
1623621,255.3687034350148
1624622,220.7717802837476
1625623,272.573854698381
1626624,270.43682968813454
1627625,96.61844923884105
1628626,261.27797277234816
1629627,210.7880581284299
1630628,227.8681721484926
1631629,278.3841232795243
1632630,259.06505186453376
1633631,237.40155551122945
1634632,207.60681743601566
1635633,273.6866098244523
1636634,257.17216152291206
1637635,51.753800936078534
1638636,221.26940877680994
1639637,275.5476316336214
1640638,296.34048147294436
1641639,276.0794605523861
1642640,281.17041945435847
1643641,255.77859615125647
1644642,276.0398495504501
1645643,143.40669731397836
1646644,272.69081410761714
1647645,63.34942073533035
1648646,228.18252827900955
1649647,248.6568293479381
1650648,151.6038063061165
1651649,260.8240175161663
1652650,122.26440916784887
1653651,289.02755723477605
1654652,215.8451097079578
1655653,246.21491682988315
1656654,250.27659251380982
1657655,262.06869009939425
1658656,261.3169031051037
1659657,289.11835567936026
1660658,263.9274595809127
1661659,112.82976842559833
1662660,247.96348460686502
1663661,274.47881791757925
1664662,154.48133890382437
1665663,271.2928225954444
1666664,207.36961606108667
1667665,170.02293386042894
1668666,257.43470497467865
1669667,290.1874294283506
1670668,269.1189737832375
1671669,273.73493647005716
1672670,165.1928728808409
1673671,70.2928697256191
1674672,243.73796482901926
1675673,250.07253566741494
1676674,263.40145535914854
1677675,253.6821545590499
1678676,56.18819881774994
1679677,271.25150269848456
1680678,273.4707277310988
1681679,159.99356224378917
1682680,251.70791181747467
1683681,47.25994979775076
1684682,254.83316025881928
1685683,320.53068176637726
1686684,233.73698398607033
1687685,254.9515700782728
1688686,223.04046705501912
1689687,118.65640709128739
1690688,293.13458405165863
1691689,87.54030345078299
1692690,270.9238611240735
1693691,264.1157159482218
1694692,263.6467928091702
1695693,264.2445305944851
1696694,279.6695946184147
1697695,243.04984743454
1698696,242.00645114719043
1699697,278.5855332258387
1700698,301.71240900667544
1701699,259.2379415450674
1702700,247.68374452197773
1703701,273.62500655362305
1704702,268.260907566875
1705703,251.3821293168609
1706704,253.72281677716333
1707705,268.8326316387402
1708706,242.9327813778318
1709707,243.22447188069978
1710708,241.53404655800713
1711709,263.4156422677383
1712710,96.21806708481259
1713711,266.2905688129995
1714712,269.5031900029694
1715713,241.49180309588436
1716714,272.5039288487498
1717715,267.44314547825087
1718716,259.5956416284204
1719717,267.5008105263239
1720718,287.82930089442925
1721719,239.7949920821264
1722720,271.6289379861209
1723721,292.404210798149
1724722,265.8884612209232
1725723,249.7140992933284
1726724,268.3009741132939
1727725,214.39402028443928
1728726,276.4025537533853
1729727,164.54179560968817
1730728,218.71847044920273
1731729,274.92871760653316
1732730,97.04971156418796
1733731,287.90108284729416
1734732,274.3124590263697
1735733,181.87511911225153
1736734,257.208815461617
1737735,291.31613809328
1738736,246.42198701638773
1739737,268.9050349855961
1740738,223.56422457704355
1741739,284.2403830175277
1742740,270.7926348247957
1743741,272.11570199847597
1744742,271.01463583668135
1745743,271.89565016800566
1746744,275.65946168984937
1747745,112.32960805839487
1748746,293.62943409956335
1749747,254.99618985761586
1750748,266.537359639724
1751749,273.7644053917739
1752750,265.56874582871535
1753751,271.5510855592073
1754752,144.82576317966084
1755753,229.3974763161487
1756754,283.41703257805784
1757755,264.8798371215643
1758756,253.18857143719472
1759757,282.3929998990516
1760758,259.86751887345264
1761759,275.65342935780797
1762760,258.0189269942335
1763761,288.0935741636234
1764762,280.37965066161223
1765763,272.0132421173507
1766764,272.228873525567
1767765,221.87472000690644
1768766,77.51700738315829
1769767,48.92399869035861
1770768,269.8958400971735
1771769,272.59205299901447
1772770,266.36890265762446
1773771,284.8805109444787
1774772,261.99544722577645
1775773,253.74637452652217
1776774,220.5479981945593
1777775,100.14086614890314
1778776,286.2257136085462
1779777,281.69241510396853
1780778,231.77909845072924
1781779,230.4871029362314
1782780,245.4628994770538
1783781,268.87599699716975
1784782,247.6433669328976
1785783,275.5015505939911
1786784,264.933664843723
1787785,243.83141421744654
1788786,306.13110656440455
1789787,285.5247726526233
1790788,72.56485390833697
1791789,270.04697703817436
1792790,216.80772019122944
1793791,234.56100747075135
1794792,272.7922520144372
1795793,246.15942926279587
1796794,253.68938160687156
1797795,229.96029706823458
1798796,258.9003519955975
1799797,263.988193121472
1800798,252.48611810124004
1801799,242.08738252193518
1802800,237.6936103360187
1803801,260.25258021575644
1804802,229.4846054061847
1805803,251.669501989401
1806804,240.11952286493087
1807805,189.61640027848026
1808806,271.9839362731339
1809807,262.2142683741995
1810808,259.12682955738245
1811809,260.6757766504465
1812810,277.7326413524915
1813811,243.4377297258561
1814812,261.90433477097656
1815813,270.67527813682375
1816814,245.2692963239241
1817815,265.8472766908749
1818816,181.5911686731453
1819817,288.3202501605557
1820818,234.46877526844878
1821819,269.8010854549033
1822820,268.2146089709614
1823821,251.74616104567178
1824822,267.26356041966807
1825823,262.3200337774857
1826824,207.1008923987469
1827825,252.6899110070848
1828826,278.2948566843841
1829827,239.7766182884041
1830828,276.03971415621675
1831829,269.81438418600806
1832830,250.7103817097159
1833831,277.85619751734725
1834832,242.72981133924748
1835833,263.58521316735914
1836834,210.90564561199386
1837835,272.8170704567099
1838836,234.95998077555137
1839837,281.95903344177356
1840838,289.279398228271
1841839,240.99260571243755
1842840,138.21951462101194
1843841,244.54730244297605
1844842,112.6682081091939
1845843,68.02642040028107
1846844,260.72716127341005
1847845,239.95953271729306
1848846,147.20297227341752
1849847,231.06968758151913
1850848,251.90143628514122
1851849,247.475947080725
1852850,264.64679976799346
1853851,262.2402079817052
1854852,239.33122125883696
1855853,263.7635146995751
1856854,230.00766553983942
1857855,268.5407669912977
1858856,259.1003128284705
1859857,268.20297051801737
1860858,262.37412884199125
1861859,178.21210258160005
1862860,259.6744459438337
1863861,260.74221574178455
1864862,263.83596156034554
1865863,260.59015325619066
1866864,248.54957357287046
1867865,271.9488904740266
1868866,249.7299491392531
1869867,275.0839682904454
1870868,284.65738130481805
1871869,265.41064145283286
1872870,254.55886842845962
1873871,242.74849825169096
1874872,273.31700788220076
1875873,267.77770773632835
1876874,67.56564351083884
1877875,257.0705444247465
1878876,254.28008235438807
1879877,252.91922103864022
1880878,241.55853320906886
1881879,264.9388466848122
1882880,240.154889495761
1883881,264.9185068171132
1884882,260.27143227737315
1885883,248.19959206883667
1886884,263.669346291401
1887885,237.10158357335874
1888886,238.93734038516473
1889887,204.3402821784645
1890888,229.6119814325156
1891889,288.4240755091578
1892890,262.4308566062974
1893891,257.27687725209125
1894892,272.04728474975764
1895893,277.57861746315285
1896894,230.6186087308905
1897895,259.5191472581996
1898896,279.7307652180586
1899897,285.82430437887626
1900898,207.9189422427471
1901899,83.53978974182697
1902900,232.55393821628672
1903901,264.152194939563
1904902,266.7143335705021
1905903,252.63967893751348
1906904,37.20382556954686
1907905,217.0485061500722
1908906,183.0447734036333
1909907,231.84319758369088
1910908,273.73603126572635
1911909,258.02324400529096
1912910,209.17232901148435
1913911,85.4504306313212
1914912,233.02687527682698
1915913,268.59486505645293
1916914,275.0280538787531
1917915,275.9236356065969
1918916,249.99117622959434
1919917,222.0148233137679
1920918,249.18504965040478
1921919,103.89212216097633
1922920,289.87634744211795
1923921,189.0310916867692
1924922,250.9652969394272
1925923,60.38051131390088
1926924,245.5292816731383
1927925,267.4804146737217
1928926,221.27689603891238
1929927,149.02862025665797
1930928,253.93917478626267
1931929,239.27263874580828
1932930,175.4881664095947
1933931,236.39123091797012
1934932,261.04597993710524
1935933,243.46489494293218
1936934,229.0290600310998
1937935,286.1827137129898
1938936,166.591847919674
1939937,266.7471804057644
1940938,273.073659957557
1941939,208.1123378888402
1942940,206.09561904203525
1943941,267.4167662160727
1944942,283.33642586124216
1945943,292.7446852006094
1946944,53.78569642267548
1947945,271.20502252841106
1948946,77.74527051699216
1949947,47.754694153028254
1950948,238.1125182717561
1951949,165.1395407937627
1952950,238.10751945221276
1953951,259.38977479539307
1954952,228.18294957832333
1955953,284.25166108068294
1956954,172.58594930661036
1957955,285.17172531035277
1958956,62.68966062898628
1959957,190.39455420787084
1960958,183.62093209033705
1961959,128.20960751917994
1962960,287.26357176827526
1963961,277.56834360033037
1964962,243.54916460906338
1965963,104.04353562489695
1966964,284.73203541954945
1967965,244.1966588378846
1968966,261.09735402064587
1969967,46.61230344959228
1970968,106.52765158022991
1971969,263.8891421159748
1972970,78.31225882145269
1973971,277.35273994671877
1974972,275.7774233602056
1975973,107.92322104286225
1976974,257.22000311579086
1977975,286.8557815225623
1978976,139.86481883152896
1979977,173.79173931622572
1980978,260.2021146810541
1981979,264.09639684561057
1982980,263.8211195865692
1983981,246.87093548441769
1984982,47.259163836652846
1985983,208.15716895238154
1986984,74.27196593806221
1987985,244.16271277031012
1988986,261.1662927414802
1989987,200.0554959599826
1990988,267.2753197786068
1991989,138.06124547787638
1992990,234.4503859143813
1993991,238.69579193428768
1994992,209.75152060673355
1995993,122.48414244817128
1996994,196.8885193582494
1997995,194.76219233151772
1998996,278.6436261168351
1999997,217.0488823017247
2000998,281.0866617971586
2001999,79.15209239830438
2003000,103.81789885978222
2004001,87.21675127939551
2005002,158.29013388945864
2006003,201.9656225656307
2007004,252.19024844224055
2008005,270.049126677622
2009006,237.38421437594081
2010007,199.727325718607
2011008,204.72158418643377
2012009,223.90728917403047
2013010,242.73378280613127
2014011,206.03216553231178
2015012,180.36834420205602
2016013,261.64789945049137
2017014,242.08283279452496
2018015,265.33227521899056
2019016,289.25024588461093
2020017,269.7944084440799
2021018,229.77265293497982
2022019,107.91080410399165
2023020,253.10873424309
2024021,130.99910071673858
2025022,250.84827660151964
2026023,290.9142127600335
2027024,95.38534927332984
2028025,143.59522579211983
2029026,112.23952604446536
2030027,76.61939561267555
2031028,254.17319438632884
2032029,252.29185779501827
2033030,295.81871415786674
2034031,120.48115333579226
2035032,229.26165511342893
2036033,172.11547607147213
2037034,246.10581870521008
2038035,278.45006235614187
2039036,261.34469077680944
2040037,84.1274401950076
2041038,230.09656603074285
2042039,253.57243661265895
2043040,198.56115482878621
2044041,156.4582619936732
2045042,234.74586873341096
2046043,239.10016482121728
2047044,128.05454105716808
2048045,284.08190654570745
2049046,239.28974110221833
2050047,270.249398228638
2051048,282.02437395845726
2052049,270.18089844289375
2053050,284.72027171003043
2054051,260.04556270494203
2055052,84.78339711446766
2056053,267.5412939004355
2057054,243.47780662958297
2058055,81.81330080721546
2059056,267.12626332659437
2060057,149.70675570232967
2061058,276.04173917418086
2062059,51.892131100353865
2063060,251.24932489531145
2064061,237.20430423443634
2065062,268.3373512423746
2066063,54.76716987863096
2067064,290.60469089717844
2068065,253.25795197361163
2069066,273.8980056112574
2070067,185.83548768984124
2071068,280.15715301630695
2072069,236.45524408690258
2073070,215.66506565108241
2074071,206.17606326559846
2075072,263.02210107480425
2076073,275.8699449445122
2077074,160.57988814037247
2078075,105.5861149953491
2079076,251.84059276726703
2080077,251.89455194911716
2081078,94.48113287757143
2082079,248.83451487434596
2083080,275.08335919941845
2084081,169.5120519974478
2085082,265.4335543664613
2086083,243.7538468773381
2087084,267.12771389808114
2088085,270.1204506807645
2089086,125.95411628515168
2090087,271.11558967203445
2091088,250.3058677920133
2092089,185.50044390974077
2093090,96.90477569856421
2094091,248.51982856005037
2095092,181.3741975945934
2096093,224.3294046797759
2097094,226.56787410504876
2098095,246.25077688060063
2099096,185.34414497794492
2100097,251.82640557471484
2101098,250.60181811996517
2102099,115.83224192408397
2103100,67.2194227610249
2104101,268.5058178722888
2105102,104.50373916498444
2106103,255.68972055371663
2107104,213.3057536037277
2108105,260.4610833636492
2109106,266.97260607195574
2110107,268.15857818728375
2111108,277.097060996274
2112109,275.5914793344725
2113110,251.39038635971707
2114111,115.36365477925467
2115112,242.24439439505252
2116113,198.5976398701599
2117114,235.5874374374276
2118115,166.99247073221767
2119116,268.19159693369096
2120117,259.61452697658984
2121118,255.07318725844056
2122119,182.27082867605387
2123120,282.1466263530826
2124121,243.88752991037575
2125122,257.9431642303573
2126123,227.7611145705871
2127124,237.70125558488772
2128125,248.48428835421367
2129126,176.12557378588636
2130127,147.843034740675
2131128,268.60753405323493
2132129,253.22879024144544
2133130,257.2165989396399
2134131,268.730961843395
2135132,283.61407024622014
2136133,282.89946952210664
2137134,222.737231288914
2138135,277.215984699073
2139136,246.5957267182998
2140137,236.3535952188493
2141138,278.0394372004552
2142139,275.11530499236454
2143140,264.51150020361007
2144141,80.16215836421456
2145142,275.4368099415743
2146143,242.27200611354226
2147144,265.22347351761283
2148145,242.4706751601126
2149146,222.7874721944646
2150147,264.5269973061575
2151148,113.6834481019541
2152149,221.1162855769167
2153150,281.5750186786125
2154151,163.05491217602355
2155152,263.54178226540927
2156153,250.56548638917005
2157154,97.18581604925039
2158155,246.2641753319516
2159156,294.32923184944457
2160157,202.05580361500805
2161158,169.2311105356438
2162159,261.06562096954104
2163160,280.2443475933149
2164161,180.38364614542803
2165162,243.4881531011637
2166163,247.6209416596608
2167164,285.27375632764375
2168165,170.46011031351932
2169166,236.2767071569211
2170167,276.672531524275
2171168,242.0050290839789
2172169,264.22501819044055
2173170,203.91535906974198
2174171,243.96390836050816
2175172,255.0602363513136
2176173,275.7477347003578
2177174,280.1818815151295
2178175,267.5452016254596
2179176,237.62781052915824
2180177,228.44281786753746
2181178,248.42977782580368
2182179,287.7147376200747
2183180,176.53528920156572
2184181,232.4123465692045
2185182,262.9868757558352
2186183,253.44993758033252
2187184,152.26206146439534
2188185,82.66240148121095
2189186,285.35802682964896
2190187,272.10545446093766
2191188,255.18101153870606
2192189,278.2153065394567
2193190,250.34949462282884
2194191,282.232065316325
2195192,96.8273399501363
2196193,210.42602172168642
2197194,253.75981484271142
2198195,265.54783618523146
2199196,147.31573724539794
2200197,289.7390835033488
2201198,182.3231850509669
2202199,260.19773422808186
2203200,240.627167634153
2204201,243.90225525062138
2205202,104.92098624619786
2206203,232.140676525387
2207204,239.25966201816757
2208205,257.0402534111324
2209206,265.98702066515074
2210207,246.68207748598644
2211208,259.0534813844739
2212209,93.15320684879296
2213210,153.13547529850393
2214211,260.56429270713977
2215212,281.421415898595
2216213,255.23596438551604
2217214,234.28796225540862
2218215,208.59719351833476
2219216,78.46375742301991
2220217,151.23661525178196
2221218,287.78823085405526
2222219,237.19339726317327
2223220,266.89617742657276
2224221,216.01851830423888
2225222,226.49053397835203
2226223,264.34679204486736
2227224,260.4808569727942
2228225,262.8435349171347
2229226,63.32302232838092
2230227,257.75949954199945
2231228,259.09886013017166
2232229,261.59903766394797
2233230,178.11607346627613
2234231,266.392492049101
2235232,254.7507700169345
2236233,281.80930017340336
2237234,243.4209362302671
2238235,203.60224035262024
2239236,268.62695867987867
2240237,276.1621100115638
2241238,262.8311939407485
2242239,79.53941387276532
2243240,228.4380853629651
2244241,267.62399229240884
2245242,217.58961797715148
2246243,256.81209325030557
2247244,158.96684578012503
2248245,249.23562602749698
2249246,191.81279967877254
2250247,250.66388601032784
2251248,248.87906581282235
2252249,260.638155119438
2253250,231.9037137443782
2254251,213.9952438819666
2255252,239.37505454568716
2256253,263.03245584512376
2257254,275.14199463868624
2258255,244.38771476631473
2259256,244.17486681792383
2260257,262.5113306489764
2261258,244.95777103735446
2262259,268.42720442589166
2263260,213.56523669698757
2264261,256.26934334304025
2265262,71.13745944225181
2266263,276.9724222768504
2267264,220.12155493601716
2268265,186.0732026919332
2269266,78.94278706772614
2270267,267.84934357184494
2271268,204.21933262580734
2272269,268.8258413349039
2273270,243.25271643681046
2274271,254.26027033794026
2275272,132.77896514345113
2276273,278.5473969828123
2277274,156.11116250952725
2278275,98.41183942602906
2279276,222.61229670025142
2280277,250.37350495379894
2281278,222.24967034016163
2282279,263.803404291283
2283280,211.45306661717532
2284281,216.59988246023707
2285282,203.7004203583201
2286283,267.8976458769131
2287284,271.34766526686445
2288285,277.0514882388894
2289286,262.06740527979036
2290287,257.8938323154348
2291288,279.1326622985786
2292289,209.74904092200555
2293290,288.07949411051567
2294291,228.3723067253745
2295292,269.50226069520505
2296293,200.55148194941555
2297294,266.8892366933544
2298295,224.40091838751363
2299296,189.47789319072032
2300297,241.62267177760802
2301298,171.9757977578805
2302299,235.54457088199624
2303300,249.66301022796603
2304301,275.540313003964
2305302,280.3891182189834
2306303,225.5831811620307
2307304,274.24037564916034
2308305,274.53710801590216
2309306,263.1738992912255
2310307,226.60235502289225
2311308,233.81523389371043
2312309,107.96361296441073
2313310,266.48382578465475
2314311,291.6211937724751
2315312,276.761025431345
2316313,192.00451379608538
2317314,142.6190675293741
2318315,46.15778468887942
2319316,97.40545135921799
2320317,262.61333061023316
2321318,263.8930784108767
2322319,272.1812213427152
2323320,296.1931094771234
2324321,69.2574833244946
2325322,175.8928745426336
2326323,65.53210800018427
2327324,248.3388367122356
2328325,211.3112592996976
2329326,227.72816775841287
2330327,230.17549966293663
2331328,277.85268468728873
2332329,277.1881256088636
2333330,239.181778071057
2334331,260.5417061588202
2335332,219.67801416886397
2336333,103.29552246092422
2337334,253.58867930364391
2338335,106.96116551704577
2339336,171.43164337589312
2340337,104.89505397271883
2341338,129.2395403010325
2342339,101.96735828495369
2343340,205.9113671248787
2344341,205.13790415381445
2345342,267.75447951012103
2346343,245.84815124601747
2347344,178.57801298480177
2348345,190.3596913528819
2349346,293.2245100771445
2350347,284.589027584439
2351348,263.1962598158345
2352349,278.71005640558263
2353350,291.54114690636226
2354351,233.32132981662542
2355352,276.71637107698757
2356353,94.56081836181107
2357354,248.05849571967877
2358355,54.69360458672459
2359356,118.84426270022331
2360357,198.0033502642915
2361358,233.94349128846636
2362359,237.02749060417875
2363360,229.7765623762293
2364361,284.8135351450379
2365362,268.4664538271611
2366363,276.9847796346357
2367364,266.3362782322573
2368365,207.11315932442284
2369366,253.93317987841192
2370367,287.458141369771
2371368,271.9694950311992
2372369,281.70357488952027
2373370,213.34521137274987
2374371,282.14053043602917
2375372,109.9965946606166
2376373,272.36852057720455
2377374,133.34324141130284
2378375,135.09478936381052
2379376,221.37407595496853
2380377,250.41507980423975
2381378,223.63330781249903
2382379,253.17290859733205
2383380,247.16071099500604
2384381,219.17768371342993
2385382,69.9465676600708
2386383,266.7178377530072
2387384,275.11611866911574
2388385,218.81696122897384
2389386,240.0825907955231
2390387,256.38196253884684
2391388,247.85947728356655
2392389,243.7864831030198
2393390,247.0562907679587
2394391,243.6055299883324
2395392,178.39548418406142
2396393,233.17381787788761
2397394,262.0356893955258
2398395,216.35106111117227
2399396,180.57898638979484
2400397,195.65990882401204
2401398,219.48217063535725
2402399,287.6005749784288
2403400,216.6407420919294
2404401,239.58513855599008
2405402,290.2422258470779
2406403,233.7443842964175
2407404,229.41010207363374
2408405,248.0931223997109
2409406,246.80946431835613
2410407,180.49354766812274
2411408,248.7156291255947
2412409,262.4494265871919
2413410,280.4311987736968
2414411,231.74269070621258
2415412,214.19951918496832
2416413,251.08328450260728
2417414,264.63045342877456
2418415,254.89601923829053
2419416,261.5324752753208
2420417,258.4355091724724
2421418,243.38180370271297
2422419,263.9090343856353
2423420,250.6297781303781
2424421,269.7556973066395
2425422,47.55851857787099
2426423,74.46281170224044
2427424,233.24471611505967
2428425,166.73605513897124
2429426,200.57068315242083
2430427,183.13275102275156
2431428,236.61111894837805
2432429,271.0781223625921
2433430,273.3838563312665
2434431,105.15949344210075
2435432,191.60131748527002
2436433,284.79629131157094
2437434,194.5800833029175
2438435,195.72486367951387
2439436,250.40757788574751
2440437,214.54839793978755
2441438,266.82180355862573
2442439,252.93240162341405
2443440,233.74490552747363
2444441,221.1850007112917
2445442,258.85232044444473
2446443,262.273429107961
2447444,270.3592067515888
2448445,236.23200184136564
2449446,269.73676926860844
2450447,248.535336790214
2451448,197.03867026895628
2452449,74.84000404150663
2453450,229.54755507916764
2454451,266.0383044465132
2455452,238.91848714020463
2456453,233.05798876106465
2457454,233.67933617561124
2458455,224.35452107745976
2459456,102.65122072135527
2460457,275.8446654136934
2461458,192.5402713154714
2462459,195.95631818452304
2463460,199.58259004870925
2464461,214.04622754565403
2465462,219.5329844182358
2466463,260.0094242100895
2467464,130.74308855317528
2468465,241.3921677934671
2469466,161.85325084008102
2470467,262.35803404308007
2471468,281.52055204109917
2472469,272.11409891157814
2473470,207.5916481252994
2474471,282.28030711494006
2475472,113.13824000418626
2476473,227.3251163557203
2477474,212.78447241843443
2478475,247.04547666417585
2479476,154.40692807300985
2480477,272.2118123042122
2481478,271.90930182509794
2482479,271.24106935638883
2483480,267.8386677991629
2484481,101.85154305061788
2485482,227.84078688676243
2486483,287.804916477501
2487484,102.02594794589032
2488485,266.1382470637274
2489486,249.7821363266636
2490487,244.57499309752905
2491488,244.35169300819322
2492489,64.4280058548529
2493490,219.4217652747273
2494491,271.7803629175884
2495492,220.573495367006
2496493,123.82546039659621
2497494,207.37146339042266
2498495,267.0341421195762
2499496,244.56916466454425
2500497,248.09739158974605
2501498,211.5615562042364
2502499,272.49782285038185
2503500,236.48327343950496
2504501,118.73446667435948
2505502,155.3528120614776
2506503,193.37146932934473
2507504,279.49521017103683
2508505,207.45488931358906
2509506,279.8364907648777
2510507,269.08640244321765
2511508,214.0161314351368
2512509,273.9106130216115
2513510,191.50729980138385
2514511,275.26203322652833
2515512,278.34501130943534
2516513,115.92487506171365
2517514,68.93497334061949
2518515,211.61227592312454
2519516,248.20294178539916
2520517,92.8101183895908
2521518,252.93025349395555
2522519,245.64381797033266
2523520,263.6775435585375
2524521,238.57797629421353
2525522,238.24704349896462
2526523,209.6486039249657
2527524,261.91468449434075
2528525,250.69808205583226
2529526,210.4455832545821
2530527,116.7640138509778
2531528,275.54647342013465
2532529,204.944406111788
2533530,220.61429956555023
2534531,255.25353035037637
2535532,124.29789837522311
2536533,271.11253296102086
2537534,194.36070089229378
2538535,246.57982138894087
2539536,159.4702228770978
2540537,237.37830730244022
2541538,223.27320858783227
2542539,242.4421202330947
2543540,243.86357680638454
2544541,255.8018094196149
2545542,126.24448694245912
2546543,266.0638757688535
2547544,253.24957385087234
2548545,270.86637072310543
2549546,276.5434614477792
2550547,228.158283227896
2551548,244.4345272004521
2552549,276.22106214433694
2553550,289.3713799671916
2554551,171.3723874929725
2555552,270.66164359097377
2556553,267.1816667071713
2557554,122.3234464587052
2558555,260.8696602155589
2559556,270.3188282834915
2560557,267.02559297889246
2561558,284.4375989660524
2562559,233.8656927555505
2563560,278.027358404215
2564561,173.66784316428354
2565562,221.80831626972304
2566563,269.17965209268897
2567564,248.0084572380985
2568565,262.725865757761
2569566,230.99262059432033
2570567,249.42570514085293
2571568,233.8759647114833
2572569,56.805352501483675
2573570,152.02064690328353
2574571,279.8460235994986
2575572,269.0325682801655
2576573,233.19622408616533
2577574,293.13225734349567
2578575,276.8193467385917
2579576,225.18797867600594
2580577,253.76408453805163
2581578,278.70900952975444
2582579,138.864709261731
2583580,284.9813695259506
2584581,230.43427238569944
2585582,265.5522634609014
2586583,263.1135260410168
2587584,273.66118508978536
2588585,129.27554309379104
2589586,65.94488874038188
2590587,151.93031592668788
2591588,244.36795993427287
2592589,281.92864608640525
2593590,255.61038273717355
2594591,275.749636730136
2595592,94.2441440595151
2596593,265.3990077634754
2597594,122.94855104214834
2598595,255.8266623756478
2599596,262.4212710080867
2600597,254.9184000034611
2601598,261.80393192436327
2602599,228.08290967428914
2603600,275.4316271038361
2604601,276.33963428664543
2605602,228.86061846735626
2606603,230.16767510231875
2607604,277.8787544906917
2608605,228.15716746308408
2609606,241.8440870827835
2610607,270.65266676858954
2611608,226.8979483273989
2612609,230.1081119572364
2613610,263.4951699980215
2614611,259.21009421323794
2615612,219.16334843382438
2616613,248.98067290658958
2617614,200.78005380612956
2618615,275.7010491927355
2619616,207.24805458014484
2620617,254.5324970793605
2621618,261.8575802632896
2622619,258.03299103272775
2623620,235.4599936980944
2624621,258.90250996915177
2625622,233.310868125043
2626623,252.85983952995497
2627624,101.30136204279039
2628625,273.81832187099684
2629626,251.46318581583168
2630627,251.91368917445308
2631628,62.67328821820608
2632629,255.23336838632156
2633630,256.59554044377114
2634631,265.34529868545803
2635632,153.56135826595923
2636633,266.9623746513675
2637634,207.01268088874258
2638635,241.1582787070039
2639636,262.0509222521715
2640637,118.11849225684158
2641638,201.58501682030192
2642639,259.34778854282115
2643640,212.64802332755562
2644641,261.2434166547591
2645642,222.84367428014633
2646643,267.27444056391613
2647644,257.98098113955166
2648645,244.388154820607
2649646,251.81734278876456
2650647,225.70003963695078
2651648,250.11505540047784
2652649,220.63785187046065
2653650,150.1471054641397
2654651,259.546878215597
2655652,240.48946369867633
2656653,220.70861262788708
2657654,209.25478889468877
2658655,254.2404847246292
2659656,205.14771393443493
2660657,233.11371527568764
2661658,77.20109205505608
2662659,76.07870011103748
2663660,253.57285923823886
2664661,236.20178360577586
2665662,263.78381157869006
2666663,234.55711640499808
2667664,204.92269349961737
2668665,246.80785296418458
2669666,279.74668184880414
2670667,264.2118670594037
2671668,224.62270253239976
2672669,255.40618607161153
2673670,256.2198121186019
2674671,259.7974959354049
2675672,280.3489780878657
2676673,47.904600464068736
2677674,267.1674708149062
2678675,257.9531833031407
2679676,263.04207945652786
2680677,258.3470467265468
2681678,243.37590461283582
2682679,261.50836485254433
2683680,86.17311743971443
2684681,123.58879567195831
2685682,251.86161015303588
2686683,146.99365707111315
2687684,280.8489567055649
2688685,255.38724942229607
2689686,182.39530128213337
2690687,222.19448048672737
2691688,263.51608948846854
2692689,269.35031136719437
2693690,117.75848597293302
2694691,77.57895072987115
2695692,53.14566564434332
2696693,235.60176147171327
2697694,249.1351307933883
2698695,147.2684062478906
2699696,253.95431061406862
2700697,274.281185242552
2701698,262.6841714351237
2702699,261.3305707551675
2703700,269.67168054590013
2704701,267.79955248984487
2705702,260.4312420552902
2706703,222.06246067787626
2707704,252.7760745250757
2708705,253.52182419077036
2709706,259.16736014295475
2710707,251.61949088896532
2711708,239.77262529467106
2712709,260.1919146520985
2713710,211.13154196913706
2714711,200.14255354410346
2715712,188.61936690236055
2716713,153.09590006071318
2717714,145.7696128190927
2718715,260.8921828895784
2719716,262.23892406646905
2720717,251.37913923554214
2721718,217.091334177234
2722719,259.98320722566103
2723720,181.12146795070885
2724721,258.49468857207796
2725722,248.16069162825931
2726723,160.60989071195996
2727724,216.30315897404319
2728725,234.08256534286394
2729726,236.13939696482055
2730727,261.29480848899516
2731728,167.76619010551406
2732729,251.48106380120595
2733730,257.5130505439222
2734731,207.112898247277
2735732,181.89391601035058
2736733,241.70036213888812
2737734,257.7311869995161
2738735,220.03074350750376
2739736,264.85701757637895
2740737,107.20018505738064
2741738,203.07845569798994
2742739,238.9924668341216
2743740,221.155555152416
2744741,264.26045479468013
2745742,121.12797106564848
2746743,203.81117770380223
2747744,205.0680559193196
2748745,243.96241675498632
2749746,254.33744086831652
2750747,261.07810502028775
2751748,239.1871365772498
2752749,65.54232606385243
2753750,258.95925215832204
2754751,224.014742434151
2755752,117.771480314571
2756753,238.526069889416
2757754,192.76994479324696
2758755,255.42151715484835
2759756,252.91999382805884
2760757,258.85655019766216
2761758,242.6079662981443
2762759,266.30757009089444
2763760,174.6105485917011
2764761,245.90873976235332
2765762,242.42500559865044
2766763,243.45162051471218
2767764,264.04153436191956
2768765,241.59383433476643
2769766,241.33121422894422
2770767,240.42191292948317
2771768,257.5702397226924
2772769,242.27319722479754
2773770,262.8024625308074
2774771,221.83120129747405
2775772,213.9784639829489
2776773,225.68958715092361
2777774,248.56903355523832
2778775,115.54811385872203
2779776,209.28395302331373
2780777,238.84073393009268
2781778,54.81434191540602
2782779,248.5054888039781
2783780,241.3242232629166
2784781,248.26965069717576
2785782,241.8681616117376
2786783,238.04904929061482
2787784,240.19250759674824
2788785,235.74060608605208
2789786,140.63631675088843
2790787,217.44222425529586
2791788,111.03727877570527
2792789,231.0952986426994
2793790,221.35287494159476
2794791,224.44344173250866
2795792,228.001695803291
2796793,207.37259503212812
2797794,243.78404052302196
2798795,252.6947847164188
2799796,221.35432867411572
2800797,232.72113506249167
2801798,212.29983260776618
2802799,245.53012563672868
2803800,69.92149752449426
2804801,237.32768784857345
2805802,255.03094255457984
2806803,224.1829591254276
2807804,242.31993963182376
2808805,215.63989886865193
2809806,169.17716330883155
2810807,254.352330870208
2811808,244.90633583284855
2812809,213.11533967884165
2813810,265.6388666735403
2814811,223.4778510679887
2815812,238.28732932426135
2816813,260.36944494169285
2817814,127.29593302584698
2818815,172.62335746297504
2819816,151.85962025897203
2820817,241.71609012759407
2821818,238.19020269077166
2822819,150.58310384763325
2823820,230.2780995686649
2824821,236.43076721349948
2825822,243.28229935739924
2826823,260.88904431035
2827824,128.3517422766976
2828825,232.05973702355854
2829826,224.8604603509317
2830827,257.1700389788385
2831828,267.13395306353704
2832829,178.82812474602218
2833830,253.92532188552022
2834831,241.79929335283165
2835832,75.63052525041292
2836833,222.88213098316055
2837834,242.93088714259048
2838835,270.70357081299954
2839836,253.3651635083208
2840837,224.1569857861036
2841838,260.22543650973387
2842839,252.60492903702124
2843840,265.7377288002775
2844841,221.56621266788994
2845842,209.66120426053524
2846843,239.81532234572944
2847844,175.33743573599523
2848845,212.5401167788788
2849846,239.09073974828695
2850847,257.41771234180266
2851848,265.59443237338644
2852849,210.00001464279225
2853850,245.7759905799385
2854851,82.973161012087
2855852,248.24935846503567
2856853,258.38571076410096
2857854,227.7539347107166
2858855,235.5795953703331
2859856,254.45201233859885
2860857,238.28879645991745
2861858,262.211309971225
2862859,231.09676866359814
2863860,226.19353303588298
2864861,218.681459235582
2865862,244.16563281150835
2866863,243.5553807162971
2867864,218.8170896986076
2868865,241.86395236311233
2869866,215.2117818131765
2870867,263.314542763908
2871868,238.26374476887105
2872869,126.39772983123392
2873870,246.34903720146184
2874871,134.67872154924714
2875872,229.499508141417
2876873,181.45548392774356
2877874,252.63343857604778
2878875,245.51315604988292
2879876,220.8578851493365
2880877,245.71819805574668
2881878,235.39615936985658
2882879,256.92955870300835
2883880,257.3141571259687
2884881,246.609358879629
2885882,237.63438007586652
2886883,224.92025491823912
2887884,239.68883832463956
2888885,224.36222706933188
2889886,218.8346005327467
2890887,248.0644118803677
2891888,257.87578569198587
2892889,254.4763485043253
2893890,222.43708528390135
2894891,261.36876811570346
2895892,254.69456837872093
2896893,262.41293126871807
2897894,260.1228513503241
2898895,243.01432229977564
2899896,261.50656247568776
2900897,213.27270605325188
2901898,221.75403520071754
2902899,229.1259928978128
2903900,78.82426505738101
2904901,218.89919605815254
2905902,190.71678679380508
2906903,249.38363171670838
2907904,263.4690261224133
2908905,251.3780201994939
2909906,195.70783218424037
2910907,230.27466072838402
2911908,232.01214644533977
2912909,236.90634651191738
2913910,248.34973422936287
2914911,243.96957151372393
2915912,243.55397016569012
2916913,237.94883271170858
2917914,246.41499448030055
2918915,256.85258621092015
2919916,254.75224328619092
2920917,209.58902430095074
2921918,248.58161878018973
2922919,246.71202515318822
2923920,259.93626551061067
2924921,239.79178780475578
2925922,190.55533090156675
2926923,223.09956646676088
2927924,246.11750038811402
2928925,250.9230648715972
2929926,248.70283389875652
2930927,151.27414057833357
2931928,242.17270799223851
2932929,245.48323377075334
2933930,249.9553816647458
2934931,224.26201762044417
2935932,261.3077089401037
2936933,267.5602584369522
2937934,224.05462827049809
2938935,253.54005316379596
2939936,256.04052694182576
2940937,265.4619362963396
2941938,250.28820916083822
2942939,230.6247359259019
2943940,241.86049449885488
2944941,255.81608075294457
2945942,204.11975757842592
2946943,242.1252465212515
2947944,264.29273528058206
2948945,167.26263295051254
2949946,242.036943148703
2950947,77.10418246873726
2951948,233.32438314830478
2952949,254.06203609831599
2953950,259.979562617299
2954951,258.01886293422103
2955952,247.71400002304182
2956953,251.38784903359684
2957954,201.56213518041415
2958955,259.85236168616916
2959956,250.10484285859533
2960957,255.77419242931828
2961958,248.4248060743379
2962959,218.11340965230949
2963960,249.44781444308825
2964961,217.9402836234285
2965962,222.57249248497953
2966963,231.22796618490972
2967964,255.9011393155094
2968965,265.0246092233356
2969966,222.64682423850385
2970967,240.16019068068846
2971968,128.98996153880196
2972969,233.55687906133736
2973970,202.86436385908533
2974971,255.6194776578185
2975972,265.2820960337214
2976973,266.42693925237097
2977974,136.48097444215847
2978975,239.72953446652417
2979976,246.90252642414964
2980977,239.78091036546186
2981978,263.51045816653783
2982979,257.7826383240596
2983980,253.6638528701665
2984981,175.56604421728366
2985982,97.54026761154776
2986983,232.4137294985551
2987984,237.76931259072379
2988985,209.31830221330154
2989986,253.37203483259032
2990987,258.1800807005727
2991988,257.65660343779075
2992989,250.52943365884983
2993990,223.63247548628127
2994991,260.24379426522995
2995992,202.1465884400525
2996993,260.98833118658536
2997994,264.3825894900573
2998995,223.05576344329978
2999996,192.27253248787227
3000997,263.87166003520247
3001998,266.7587951340751
3002999,253.67187528583338
3004000,254.42785517436968
3005001,261.0863006286388
3006002,243.63665428664348
3007003,271.0985632267913
3008004,266.4825838416356
3009005,240.8667114770621
3010006,189.88864394729015
3011007,264.7657191479545
3012008,267.2950405863337
3013009,268.1688679564897
3014010,261.73891994781053
3015011,82.16401305155166
3016012,247.98579051503538
3017013,262.75584411300605
3018014,250.89794303573655
3019015,239.06623872777212
3020016,243.2411647802747
3021017,268.43062705636385
3022018,255.95489797422286
3023019,248.24578942211858
3024020,244.1874244779015
3025021,166.77749175520185
3026022,263.36837387002686
3027023,238.12676230712958
3028024,227.09723540229092
3029025,228.31766018549536
3030026,232.4825644887584
3031027,247.95065835401175
3032028,272.04215674806136
3033029,122.91193905427644
3034030,267.38858639828993
3035031,228.30978106789144
3036032,84.70377590494684
3037033,244.89497878423256
3038034,235.82076701069587
3039035,267.06176117417806
3040036,274.86500408009493
3041037,275.86408518824004
3042038,277.1559661236566
3043039,279.4619792476977
3044040,257.73941093806
3045041,254.81901370856076
3046042,245.66359087053027
3047043,262.17644019486187
3048044,196.3781770954138
3049045,238.60729840043965
3050046,230.08618507867135
3051047,77.04809815865083
3052048,125.60382098698372
3053049,278.76580448932896
3054050,267.1558003136233
3055051,267.4338468535209
3056052,263.7838915861134
3057053,260.61810065389585
3058054,264.497752623554
3059055,270.8803181487691
3060056,270.7611642373988
3061057,267.23032134742664
3062058,228.50208095941366
3063059,248.98516280678928
3064060,230.73050975531336
3065061,206.84271234688998
3066062,228.62306734282876
3067063,255.97356603124476
3068064,224.0353922722099
3069065,271.9470847906917
3070066,105.3659508282561
3071067,131.1865037745969
3072068,272.3156399497876
3073069,232.8046398092552
3074070,253.07880156838203
3075071,274.6711129262901
3076072,174.10848251261447
3077073,239.47282901575235
3078074,220.44805493613597
3079075,266.1863786734343
3080076,265.7005256497912
3081077,163.14205413936415
3082078,181.37164095670857
3083079,259.7823386383943
3084080,249.64377307346763
3085081,111.06735773749065
3086082,268.03657523540494
3087083,194.88733944635226
3088084,240.59782018949224
3089085,262.6609288387361
3090086,234.64582672916455
3091087,191.55590349756446
3092088,235.5892861119221
3093089,251.83194296627556
3094090,263.7700525752745
3095091,236.01274963170923
3096092,233.05745300612404
3097093,276.6872886045715
3098094,251.72136497935332
3099095,186.17284708113363
3100096,259.75407906590783
3101097,187.57682227889964
3102098,226.66690343745918
3103099,257.30954084101137
3104100,211.05843111289633
3105101,227.61057335860798
3106102,257.74206872270554
3107103,254.5482391491593
3108104,226.2433589552366
3109105,268.7402383136497
3110106,249.26334010191005
3111107,283.1341083125221
3112108,285.7595495660017
3113109,249.8796562368488
3114110,274.08172870893264
3115111,108.38108679186128
3116112,257.6883222363417
3117113,265.7605160146938
3118114,252.67332512163048
3119115,235.6516053302165
3120116,219.51924027685035
3121117,252.27457934055465
3122118,258.911738268645
3123119,184.35702697129778
3124120,53.72925923706548
3125121,246.08974094409157
3126122,260.33073895922405
3127123,279.19875830049875
3128124,260.5262283886134
3129125,94.8095680096649
3130126,218.6687704201295
3131127,157.77364665614175
3132128,97.4960716379462
3133129,274.48039586662503
3134130,260.4848520883072
3135131,281.1114345350944
3136132,204.58764293849367
3137133,260.9055019004607
3138134,254.34973754533934
3139135,256.9020984302801
3140136,225.23482387733867
3141137,260.9177340455348
3142138,100.27340996164116
3143139,236.7789424570374
3144140,269.1434733061005
3145141,257.27080478305834
3146142,214.324194668153
3147143,209.89245281546255
3148144,216.83746606969333
3149145,252.1571811649083
3150146,237.4361299927429
3151147,262.7906101943828
3152148,273.85063362101585
3153149,244.09732326336285
3154150,282.0586469637148
3155151,271.5058973640851
3156152,257.5615809865526
3157153,267.2029690054813
3158154,252.73311282237873
3159155,265.5444188721471
3160156,224.25472030580258
3161157,278.6815498300664
3162158,259.88804549940573
3163159,275.9239870242206
3164160,268.67551266455547
3165161,199.15945895044
3166162,224.4284563317098
3167163,252.92111435003787
3168164,268.1666281645601
3169165,199.86021188623852
3170166,267.4298795253815
3171167,260.0880162203865
3172168,278.56335753861686
3173169,266.84603554423165
3174170,241.20822898232424
3175171,249.69539246612405
3176172,147.89575859332564
3177173,233.55196519247693
3178174,273.9545718596644
3179175,277.3119872526977
3180176,242.9875758680732
3181177,256.2820051915136
3182178,254.9053665525033
3183179,264.6106053226863
3184180,230.81252960677904
3185181,273.3725173612912
3186182,275.4253761292422
3187183,260.79144187983746
3188184,252.33493889289312
3189185,264.78283883366964
3190186,217.76482716752227
3191187,261.5973879324161
3192188,271.417434185119
3193189,225.51696581344544
3194190,237.17125972697298
3195191,278.61003587257204
3196192,229.83619855737862
3197193,256.2926430970316
3198194,278.60786309945513
3199195,235.5245688124642
3200196,263.2781108943705
3201197,268.22126322891546
3202198,226.21679934508762
3203199,141.25493719358275
3204200,257.3771205241464
3205201,236.0364414857091
3206202,260.3434934367072
3207203,253.30553679300814
3208204,259.8738712196687
3209205,262.4574076410912
3210206,210.43471130654513
3211207,281.4924727926553
3212208,196.07402541234157
3213209,284.20708021421893
3214210,219.32603501486147
3215211,269.43105123414085
3216212,166.21604297496967
3217213,267.8849042041587
3218214,241.74736743896113
3219215,141.394337237293
3220216,244.76598908961057
3221217,262.79973464087925
3222218,255.7018569923033
3223219,76.11396652541146
3224220,269.81313691860146
3225221,239.5679788919734
3226222,179.55080517059403
3227223,271.4507454052392
3228224,160.2596116544833
3229225,275.7159250126091
3230226,262.21960462553153
3231227,180.32442716787023
3232228,206.34882169777038
3233229,259.4317777929672
3234230,165.57626767793064
3235231,225.16976903859216
3236232,279.290977063593
3237233,239.99921126450502
3238234,246.00482381238774
3239235,284.452736041899
3240236,240.8848467043153
3241237,222.4878194476218
3242238,112.58178171389166
3243239,262.0629870430352
3244240,262.3348778007523
3245241,271.92467981087026
3246242,209.95589588772944
3247243,221.73517600416676
3248244,171.7090806380019
3249245,263.2697440707359
3250246,233.48808058309896
3251247,279.34432387787825
3252248,273.033996464169
3253249,236.33525148521628
3254250,276.7900934285786
3255251,243.37498280370536
3256252,244.25429251987717
3257253,271.577475643829
3258254,276.9493668963927
3259255,274.22216624407463
3260256,251.878548670588
3261257,269.8290442606818
3262258,109.3195460699686
3263259,194.63764012289136
3264260,261.7570521419176
3265261,202.5521221838096
3266262,56.608208341934194
3267263,76.66670891682536
3268264,191.51197189636696
3269265,205.78117179723822
3270266,256.6199908524449
3271267,271.49315860652615
3272268,257.8637168541953
3273269,223.97283855798153
3274270,193.92522621123854
3275271,263.42783045175213
3276272,278.6678609694358
3277273,204.97295675971253
3278274,227.26303678645095
3279275,226.37698789628865
3280276,241.40116502466236
3281277,214.99865044315902
3282278,217.87757493804656
3283279,256.6640097018317
3284280,221.49138876216472
3285281,199.93637949750746
3286282,276.6403725665774
3287283,74.32370276326145
3288284,225.2103450663353
3289285,193.34509085568322
3290286,215.4961832589504
3291287,156.06408126880203
3292288,261.12536817872063
3293289,278.843641154815
3294290,258.2208359856175
3295291,135.40026675831172
3296292,211.07677840073418
3297293,187.61853091231436
3298294,248.15561344539967
3299295,260.3339227179326
3300296,263.8557074988464
3301297,229.72953027395778
3302298,251.22368295735185
3303299,224.68065499223107
3304300,244.31112075803296
3305301,223.27199632432726
3306302,260.54807068699137
3307303,255.1717819414571
3308304,217.59555436820517
3309305,252.0827868817198
3310306,242.16173166036873
3311307,268.3600406576988
3312308,231.0625194863381
3313309,232.98886309068953
3314310,242.85894464214527
3315311,235.02010403859788
3316312,175.05314445477993
3317313,257.18381048841036
3318314,220.64129949594886
3319315,141.57752558642844
3320316,272.7633604829252
3321317,183.1762258098589
3322318,214.6692767258188
3323319,161.7400912680981
3324320,213.88984925155873
3325321,206.95339159006627
3326322,227.93813358335873
3327323,251.9153192875209
3328324,220.71707627075497
3329325,264.6080614517322
3330326,262.4464467500323
3331327,218.3328260140518
3332328,261.8593760973468
3333329,192.2626289649785
3334330,259.1740319593631
3335331,174.77927247783353
3336332,240.27798630747785
3337333,196.38805564043375
3338334,233.88453545677913
3339335,210.15362997044696
3340336,250.57477331874935
3341337,263.28978158540866
3342338,269.0751039806682
3343339,257.64224203356474
3344340,171.4011423392608
3345341,208.6019071719554
3346342,262.20420298783705
3347343,173.4639740948401
3348344,262.2615490119182
3349345,274.61948555387727
3350346,229.8484953407525
3351347,268.55261872662845
3352348,248.7819526039588
3353349,247.10091534264222
3354350,191.45487396014676
3355351,231.23670628627625
3356352,221.28290814350123
3357353,265.7755066731004
3358354,254.38542505077498
3359355,225.93426250709484
3360356,244.1411336633603
3361357,184.6647385174964
3362358,255.52775748758623
3363359,258.423206940579
3364360,201.0040201777747
3365361,218.4142942091459
3366362,207.9624135984285
3367363,248.64436891664946
3368364,205.7367609594808
3369365,203.97182350766337
3370366,270.97377531410626
3371367,229.43828025678664
3372368,238.0474228849543
3373369,253.85675519876392
3374370,233.25176362837917
3375371,247.96515208111722
3376372,270.7498755610984
3377373,263.00926434824925
3378374,270.1450675420188
3379375,170.78726787702013
3380376,271.2869899346171
3381377,288.0771276824612
3382378,215.21849787100123
3383379,215.75280399371988
3384380,259.55504947001043
3385381,274.4244485666391
3386382,259.6100849026289
3387383,273.9948761282641
3388384,223.12096959356998
3389385,181.5427438756567
3390386,236.17742933917364
3391387,283.2980727831529
3392388,156.73772268007667
3393389,264.99119116082073
3394390,230.50801729292317
3395391,264.93206677240465
3396392,85.06872498896321
3397393,226.16064810865652
3398394,261.1393152361429
3399395,282.01499110236136
3400396,264.59869971733144
3401397,255.84418852457313
3402398,289.43271978741217
3403399,258.5446904076643
3404400,237.04797233686764
3405401,263.7601958091891
3406402,281.04777841988806
3407403,275.03754917432093
3408404,254.72614368042468
3409405,269.55050554992647
3410406,270.74928829173416
3411407,262.1703205657341
3412408,103.03132240112615
3413409,258.74483021935913
3414410,261.65632765469303
3415411,264.27032758517737
3416412,272.41516373192445
3417413,222.40556543406723
3418414,230.9038086344876
3419415,243.2219041192871
3420416,267.7405519992584
3421417,186.8607672716146
3422418,259.36476633093145
3423419,272.10742530671087
3424420,203.58978115082587
3425421,96.01499970555967
3426422,278.418449707312
3427423,250.2486118500475
3428424,265.6637146109499
3429425,146.33400408165343
3430426,134.45887952351427
3431427,257.92017846480536
3432428,117.6901133930763
3433429,255.35683863168592
3434430,260.18197136493075
3435431,264.4711033971248
3436432,257.17240361068474
3437433,239.45794889550504
3438434,265.4881950322921
3439435,237.05603385384234
3440436,261.7326234417196
3441437,268.47291301452236
3442438,132.1381554977974
3443439,247.7220172092784
3444440,255.0240757499157
3445441,219.63390931329337
3446442,216.2929379175181
3447443,163.8420827253011
3448444,216.55587452581693
3449445,231.99872641106725
3450446,253.92687342003637
3451447,190.68431250236043
3452448,267.61278471754326
3453449,257.1616168387543
3454450,252.27074545452834
3455451,184.93182860894274
3456452,252.2851383013571
3457453,238.9004456697561
3458454,238.96671960480657
3459455,60.68052952720787
3460456,236.54331860199287
3461457,268.1233528144946
3462458,261.3237318659958
3463459,254.0146901421659
3464460,252.27603713995285
3465461,263.91746401282495
3466462,241.5008147118198
3467463,263.6068193578155
3468464,248.42627944254883
3469465,144.6272053762593
3470466,254.49042834632516
3471467,246.02106961794263
3472468,251.05961867858886
3473469,238.42355925063967
3474470,252.7996068440612
3475471,257.69819835100446
3476472,266.18207515789373
3477473,145.78969631857709
3478474,228.40642436775667
3479475,234.2067442256767
3480476,225.84552647534113
3481477,217.975534040642
3482478,210.82556653798167
3483479,274.1966087509108
3484480,203.48571790444544
3485481,204.92914109937573
3486482,238.30768650702035
3487483,272.16137598834257
3488484,261.473243322787
3489485,221.0733538546106
3490486,279.50579171649
3491487,225.34762612404748
3492488,196.32602081164472
3493489,242.51764437038653
3494490,262.3074267653464
3495491,127.41570344216728
3496492,227.57221012204937
3497493,257.3004915175904
3498494,238.47462261895006
3499495,224.42639654449266
3500496,271.09639893225227
3501497,258.6815549951371
3502498,249.14130728101486
3503499,251.2209258536372
3504500,276.2050411054284
3505501,88.6443457668645
3506502,259.5036389488836
3507503,226.37448557111375
3508504,221.94466896820248
3509505,237.61522122984863
3510506,252.5996782139839
3511507,230.46737096632936
3512508,255.83325551440956
3513509,196.5806262507198
3514510,222.6085735115815
3515511,261.195900194449
3516512,271.69617572970543
3517513,255.55902598496752
3518514,216.79409080296324
3519515,268.3341046602392
3520516,95.05850786365278
3521517,205.2663563911622
3522518,274.6796478540302
3523519,269.3298367451835
3524520,69.01851585162792
3525521,266.53106391858495
3526522,211.32417885036133
3527523,200.01280179381487
3528524,217.8554714663185
3529525,256.51442815563655
3530526,250.55069689641263
3531527,220.54371322170357
3532528,252.52502503963265
3533529,253.78355762529063
3534530,219.0757256616274
3535531,235.358650949782
3536532,260.8626106495049
3537533,259.2822783647834
3538534,256.4801989177451
3539535,257.205368524094
3540536,261.2316944411715
3541537,76.01230631824997
3542538,266.56713582077253
3543539,100.07194928460062
3544540,202.39276888063418
3545541,265.73293198449386
3546542,268.2034336538589
3547543,72.64268303073135
3548544,248.1104606431816
3549545,244.0919865754682
3550546,108.7068303518852
3551547,218.22843356886023
3552548,250.5681713756767
3553549,255.28671230342417
3554550,222.51958382786984
3555551,151.5228105253718
3556552,239.5289951305705
3557553,260.0514817741912
3558554,183.34606352392555
3559555,138.79167101050476
3560556,258.94161389267697
3561557,258.1023285093425
3562558,247.48443520603533
3563559,127.65874647468986
3564560,250.38720986281547
3565561,250.3160668931776
3566562,257.46240961154496
3567563,162.02272343971416
3568564,276.35672682361053
3569565,223.92146851595945
3570566,55.568284716896436
3571567,207.91688067713855
3572568,261.11790415482585
3573569,257.0102764089455
3574570,87.63384666583426
3575571,246.7290285549914
3576572,83.11626375302716
3577573,267.8693822815564
3578574,168.1940450690395
3579575,253.06073839998217
3580576,208.7511388604998
3581577,209.79580857955867
3582578,263.4801137343226
3583579,171.49589465920943
3584580,249.84005717803507
3585581,233.22988285321037
3586582,253.37353495096315
3587583,237.56288631589862
3588584,247.06517642624632
3589585,243.56635827310728
3590586,140.60601737033758
3591587,269.0520340184202
3592588,243.39269287704747
3593589,230.11334317098104
3594590,258.8474590262593
3595591,241.40075699978235
3596592,79.73621955087276
3597593,264.45689374968566
3598594,71.73352416477555
3599595,106.92352413686226
3600596,97.79036923463127
3601597,263.43097996246723
3602598,263.39935511768124
3603599,255.61735194962145
3604600,256.935648188359
3605601,202.66788152484594
3606602,242.5513167139703
3607603,261.62513528913604
3608604,213.30062643517743
3609605,183.4030025873683
3610606,254.1621951196071
3611607,253.91250767248198
3612608,267.0834884351105
3613609,244.16149545278506
3614610,107.49103563689965
3615611,214.07978711917733
3616612,206.3570205401809
3617613,248.26232256275776
3618614,261.0352864807657
3619615,245.2683051974555
3620616,242.84250573859953
3621617,225.39499260588275
3622618,201.64857894961506
3623619,220.95012881121144
3624620,200.28568858368905
3625621,173.5364306559392
3626622,172.31919852727214
3627623,265.0719656944577
3628624,224.136816680687
3629625,220.2579964253554
3630626,136.9186336700354
3631627,97.82958610798543
3632628,186.3053505275921
3633629,194.56009496942806
3634630,257.4275430663154
3635631,233.9872220367308
3636632,265.0703895570299
3637633,269.8072255722305
3638634,273.1005677482209
3639635,191.44047254183513
3640636,245.87983304038758
3641637,210.57619738203692
3642638,282.2535564893398
3643639,264.93061491727974
3644640,263.46980532381883
3645641,252.27227524666603
3646642,178.01724826567272
3647643,248.75742954782464
3648644,225.22446744642124
3649645,241.43326393708355
3650646,239.71754230388245
3651647,252.45068581346015
3652648,250.9082653457085
3653649,271.2564511272581
3654650,258.8112944390321
3655651,255.63495725766236
3656652,258.92059111350017
3657653,225.34536061650397
3658654,254.72082289742366
3659655,123.63896774397546
3660656,270.2169004956793
3661657,221.15765257522827
3662658,255.29486626896863
3663659,255.75106086276986
3664660,249.73006406234578
3665661,198.398290236406
3666662,272.5632642323213
3667663,200.3852870985932
3668664,209.32462232527942
3669665,145.77056243509946
3670666,194.4767580414203
3671667,231.7925286173728
3672668,262.4643112223208
3673669,264.8894267377829
3674670,253.51067011245144
3675671,123.65373752290738
3676672,183.57836397130063
3677673,123.23895612711848
3678674,232.6606707885894
3679675,135.27770997020767
3680676,265.7684448743903
3681677,266.7225458052624
3682678,255.48124868821813
3683679,232.76220316091013
3684680,226.47168875263796
3685681,215.33918868586272
3686682,248.61048183091017
3687683,279.5520135573955
3688684,260.1869305252266
3689685,252.062571251211
3690686,258.45019329639246
3691687,268.4181334854137
3692688,257.68483296777237
3693689,248.1720307279281
3694690,224.70307912292532
3695691,245.1152480941021
3696692,96.73591156592654
3697693,224.2011471907963
3698694,238.27600943327118
3699695,228.61792266771212
3700696,238.15204477949723
3701697,208.6862698740305
3702698,206.37112501870646
3703699,124.63621363279104
3704700,254.7480720024889
3705701,68.3310477502712
3706702,249.0458049098041
3707703,254.07244921763564
3708704,246.3303423761019
3709705,214.64603874354495
3710706,99.70701826696312
3711707,75.58645554354358
3712708,211.5537813469264
3713709,266.6929668529011
3714710,203.859302417128
3715711,206.77821113117076
3716712,186.61685760181473
3717713,255.58915341438785
3718714,251.47781805420286
3719715,251.5283023160515
3720716,86.60821641343907
3721717,206.4864479736124
3722718,256.862676381432
3723719,195.82231711210935
3724720,259.66438374296786
3725721,232.8810537307943
3726722,262.3563120103662
3727723,154.31488344055165
3728724,68.7441994170496
3729725,221.22859011019082
3730726,265.2285918801739
3731727,259.80881773538357
3732728,242.3289445345568
3733729,233.45401672345713
3734730,251.82397552613497
3735731,205.96522577710147
3736732,87.75993642647678
3737733,261.2930785496236
3738734,232.24289651500868
3739735,222.55728217864961
3740736,207.10788005948353
3741737,257.26871538205404
3742738,87.1756663975727
3743739,202.20659236303734
3744740,227.87872750653213
3745741,165.95655679053385
3746742,251.33383680269432
3747743,209.05870917957878
3748744,190.50148479361746
3749745,254.6479748369519
3750746,244.4966457378471
3751747,174.6635225414822
3752748,100.88882676665905
3753749,245.30735697365793
3754750,257.53071212824244
3755751,243.8074405553169
3756752,177.34930653317377
3757753,201.66373395415474
3758754,217.8896128201072
3759755,96.42781173927011
3760756,204.60774600674014
3761757,254.76552025204685
3762758,250.8300180806544
3763759,217.8618463220529
3764760,257.4443735112283
3765761,162.66012505878328
3766762,261.30658033296294
3767763,166.8098188113313
3768764,261.8049166864619
3769765,258.93214786440643
3770766,198.02614552224068
3771767,258.9241612524328
3772768,273.69727673609395
3773769,256.80843464078083
3774770,257.0275044136208
3775771,253.82384574634304
3776772,227.69921651236035
3777773,245.35051420009762
3778774,254.29398773370372
3779775,250.64684854462442
3780776,68.68657990145722
3781777,219.80468301264816
3782778,256.55713449900753
3783779,238.92909315766727
3784780,209.99362589708755
3785781,242.14634545884647
3786782,224.2305521330418
3787783,216.16717206582888
3788784,236.18621859193283
3789785,215.8418330421776
3790786,105.24911763024333
3791787,188.77299562247558
3792788,266.9462934756007
3793789,266.8912955834929
3794790,250.22396997010904
3795791,256.14772434010354
3796792,258.76847057222403
3797793,247.55492055111483
3798794,229.89580364082175
3799795,255.09931890799697
3800796,256.8817880319179
3801797,261.5327118416523
3802798,256.3997272403267
3803799,92.6518747758836
3804800,247.94666550700475
3805801,227.02596183080178
3806802,244.77702471624588
3807803,259.93974081381793
3808804,214.28604825857897
3809805,247.74657029257307
3810806,252.14115318684415
3811807,215.26684466655465
3812808,233.87438114060336
3813809,217.68069440226424
3814810,239.40774907856166
3815811,269.78046548744965
3816812,247.4024978682144
3817813,231.09773416158524
3818814,232.58679895694212
3819815,199.08131881767898
3820816,266.02685744248936
3821817,278.17345778841815
3822818,268.6421711584405
3823819,222.68709483107665
3824820,262.57379630588304
3825821,264.56126885064384
3826822,263.3404679472234
3827823,255.78684177909506
3828824,218.5571998617806
3829825,135.46490753505665
3830826,249.37202505687435
3831827,267.398141707882
3832828,262.442471663101
3833829,232.05052328483916
3834830,73.09833181588517
3835831,233.2752804712425
3836832,228.71179091842237
3837833,210.15038312970145
3838834,259.9762321187901
3839835,187.65533382917775
3840836,226.67469345718365
3841837,251.07663243340855
3842838,272.43175710473804
3843839,121.75528070081575
3844840,248.22963382259928
3845841,160.8008132153074
3846842,239.92555814841262
3847843,242.71288004070917
3848844,261.83160654507935
3849845,192.51287569573415
3850846,58.4047284065102
3851847,261.2315776156237
3852848,271.1611467054945
3853849,260.66850683342165
3854850,262.32735359720147
3855851,269.61302000686914
3856852,220.41030120793886
3857853,222.7863360135457
3858854,248.0550526853221
3859855,251.44259531697838
3860856,255.75462297563283
3861857,258.83407870200716
3862858,247.489395596261
3863859,232.7239307798447
3864860,222.48155635672094
3865861,256.9070023497507
3866862,222.23993625957425
3867863,248.18154170936018
3868864,253.5249382078683
3869865,259.5667459254457
3870866,122.87142201526514
3871867,222.13600864685506
3872868,241.52135914123713
3873869,244.7021810829544
3874870,251.3283446049918
3875871,233.17618404179134
3876872,208.6334629838598
3877873,267.0416221671586
3878874,215.03208392892452
3879875,255.64794786752992
3880876,213.62393109405542
3881877,168.61723554850968
3882878,257.07008383121985
3883879,59.49836107538892
3884880,228.49505077850802
3885881,267.45410496322626
3886882,258.2738988717186
3887883,234.8348256315127
3888884,212.7826976832435
3889885,265.1983658822921
3890886,273.00816475895283
3891887,198.89948732552241
3892888,225.69949956580894
3893889,238.0069272286708
3894890,259.6288141860805
3895891,214.45359634514816
3896892,241.6789322591821
3897893,230.05908079632522
3898894,140.72150403730615
3899895,243.0973512598966
3900896,209.60299970347432
3901897,221.798196821102
3902898,213.63346226143966
3903899,239.37169202217493
3904900,261.3771436762251
3905901,242.0871197409227
3906902,254.06229194597282
3907903,252.65038034046532
3908904,257.2264926873862
3909905,192.25168682945068
3910906,182.1233430335247
3911907,223.4306346218677
3912908,261.171492650074
3913909,181.53396340579576
3914910,210.0203086550687
3915911,271.21353219450884
3916912,152.77871150543612
3917913,243.06401727128946
3918914,245.57053818577424
3919915,134.30169457330368
3920916,266.00737103884165
3921917,272.2961782485088
3922918,247.99168325441568
3923919,249.97137783085248
3924920,233.05212530189144
3925921,223.69301418095475
3926922,226.23736696240977
3927923,223.62800125765017
3928924,259.34912707934336
3929925,256.41238374456543
3930926,263.9514393565046
3931927,263.576266169553
3932928,248.66877257627496
3933929,262.9742855572236
3934930,231.45920922917247
3935931,97.25040963894004
3936932,261.9227951513129
3937933,262.4670818895389
3938934,98.27938834615185
3939935,107.31390640225197
3940936,252.57210438901765
3941937,253.1883064587212
3942938,255.42602486003727
3943939,255.9506477555925
3944940,263.3056749425108
3945941,249.89179690356127
3946942,264.20883055827454
3947943,249.9711160813689
3948944,249.47520361152874
3949945,254.2608709028321
3950946,90.84641388143152
3951947,260.35465496647527
3952948,112.092789184951
3953949,251.0489246326781
3954950,254.65769129179318
3955951,267.2508790446558
3956952,111.2015478027451
3957953,252.87480720083036
3958954,256.81613562889453
3959955,244.587778540938
3960956,70.5418087608307
3961957,259.6664276137695
3962958,226.7984933346017
3963959,218.1633428572043
3964960,230.33512049792037
3965961,249.34784690679268
3966962,180.29768709281635
3967963,236.84898249945675
3968964,257.8820341241627
3969965,239.39729413275222
3970966,213.1354621821566
3971967,239.83837101192248
3972968,247.727060988493
3973969,246.7467488948476
3974970,160.86294287466717
3975971,249.14515836255362
3976972,227.49662188435468
3977973,252.04025063323485
3978974,216.21283706880112
3979975,212.3629945382789
3980976,256.55562987980613
3981977,247.63114389087633
3982978,250.9558345177995
3983979,220.18064917478372
3984980,253.30504524832526
3985981,79.69652912005702
3986982,259.09147052532694
3987983,217.80909388996375
3988984,235.90846295932292
3989985,253.66339521719476
3990986,238.5714373571116
3991987,249.09372152092982
3992988,257.6236600453269
3993989,251.23649429370292
3994990,210.65725932344557
3995991,249.1190046992015
3996992,247.88667972637913
3997993,242.3242949850653
3998994,252.9428296717155
3999995,243.73532450809142
4000996,167.23924432295064
4001997,203.73254876422402
4002998,220.67137932875266
4003999,222.09959835411993
4005000,241.79006884221303
4006001,207.88226773554015
4007002,218.64672910655923
4008003,177.84973308043797
4009004,174.2381173889836
4010005,247.60283141749898
4011006,259.1673455278604
4012007,247.47451527778966
4013008,255.31986607379312
4014009,235.02485730569467
4015010,248.65634666746934
4016011,223.7433865115102
4017012,255.22796816336333
4018013,242.95010041479807
4019014,208.44316519293554
4020015,205.0026847968009
4021016,174.89750672238168
4022017,232.72102362023315
4023018,251.4694309956613
4024019,249.16800453107544
4025020,234.68720051122094
4026021,269.1819552255208
4027022,209.875513598864
4028023,71.91478923701523
4029024,261.08116658599
4030025,96.52344017989863
4031026,236.71254063193436
4032027,258.1910387492796
4033028,196.60137303816546
4034029,226.56433908024277
4035030,246.577628683942
4036031,136.90942080851832
4037032,244.0433228934923
4038033,90.19983079769672
4039034,152.52960319032945
4040035,175.08597770260255
4041036,258.6054682963778
4042037,236.34266273534317
4043038,262.4971386903034
4044039,249.2931641906088
4045040,252.70372750968306
4046041,232.70087407733809
4047042,252.76381122904007
4048043,244.24003833458062
4049044,197.5838075311248
4050045,74.83257163261608
4051046,254.85977955823802
4052047,204.9622207080501
4053048,199.55427479455886
4054049,235.6745044280329
4055050,237.4090159283098
4056051,261.5648525720793
4057052,231.41371792435518
4058053,241.3889416589253
4059054,202.79165186280093
4060055,239.78453074871555
4061056,60.430692918719664
4062057,95.17526500582602
4063058,204.1261336533843
4064059,243.9790205531499
4065060,251.8747275608027
4066061,242.28743849975214
4067062,238.3127171178851
4068063,248.94502632288078
4069064,251.36946376631494
4070065,211.5883502407481
4071066,62.91223065822258
4072067,246.26226668078422
4073068,242.80553159075316
4074069,213.9781892370316
4075070,234.41617431185776
4076071,173.9571532603969
4077072,255.03536683118895
4078073,225.49657075376692
4079074,250.6907158263947
4080075,162.4096308047411
4081076,252.54175195692412
4082077,211.30878178039393
4083078,240.07107695833088
4084079,225.37639149088824
4085080,250.81520102388217
4086081,246.28571807602557
4087082,239.7608066118927
4088083,181.0054605149861
4089084,240.94842685871913
4090085,198.28522281679707
4091086,246.5289952468944
4092087,250.22391910645786
4093088,128.2468474986931
4094089,244.30052057905894
4095090,200.75956693008862
4096091,231.96309641703164
4097092,160.59289522512677
4098093,235.72013554064313
4099094,250.235963236099
4100095,256.0925650555773
4101096,164.43320037477292
4102097,247.75435892461215
4103098,254.0747653615318
4104099,245.3331401732447
4105100,244.3062748340253
4106101,261.96596237028695
4107102,259.0785845767339
4108103,239.85799090246843
4109104,237.5416150377696
4110105,234.51724091410566
4111106,225.6281626472331
4112107,83.50702106515926
4113108,204.5770187774641
4114109,249.84170399877812
4115110,215.9249989115335
4116111,79.8769920562602
4117112,248.77879047424972
4118113,244.63865948568818
4119114,260.53191527449377
4120115,259.0424156170555
4121116,245.88657655656678
4122117,253.8774594512736
4123118,262.5633668807875
4124119,249.6421637607858
4125120,234.517950398155
4126121,234.1191546295001
4127122,140.4964884591433
4128123,236.77889491522635
4129124,246.60655668560415
4130125,266.1266186785138
4131126,217.58747503310306
4132127,90.8818764658952
4133128,223.08802436573774
4134129,177.87725308269782
4135130,143.5318009901835
4136131,115.39255585622698
4137132,217.23072338462617
4138133,220.77982178492746
4139134,204.8640935212583
4140135,255.07544061260373
4141136,147.65489023699638
4142137,260.8008155440619
4143138,212.98579267901783
4144139,125.81982772913936
4145140,50.54196651205464
4146141,244.98949501543692
4147142,111.63066286259422
4148143,254.42792101094628
4149144,259.09373611796417
4150145,256.48864603670563
4151146,232.23315054557838
4152147,257.6328266266646
4153148,253.43855722662585
4154149,256.5474814654801
4155150,250.3376593682545
4156151,252.7650867166637
4157152,234.39876580977156
4158153,192.84402626446908
4159154,231.93298638389666
4160155,146.96253581780834
4161156,221.5106407813297
4162157,244.03244439777248
4163158,64.59442698905332
4164159,248.62803616420246
4165160,252.86591974265605
4166161,259.9641248935147
4167162,263.0672599028798
4168163,238.59322101413508
4169164,233.2602861875944
4170165,259.27429051135215
4171166,181.32935418012337
4172167,255.47689177475155
4173168,154.01341352514223
4174169,209.92174775411505
4175170,39.90812284076256
4176171,247.74568827044223
4177172,243.36010156855775
4178173,236.31491540782935
4179174,227.26073984418687
4180175,243.11915362184868
4181176,249.42875585993525
4182177,238.6037696745278
4183178,245.84690807034227
4184179,250.4970193820963
4185180,253.65872438240982
4186181,257.17269714330376
4187182,199.39343016606094
4188183,215.25099838196317
4189184,209.32613129458397
4190185,261.5792087206283
4191186,256.0508221628042
4192187,146.42660426388701
4193188,247.7767505337689
4194189,229.20306179925626
4195190,240.29208049875893
4196191,270.63106560855164
4197192,254.98300864621768
4198193,243.4375329803889
4199194,249.83041350380782
4200195,250.17667495244567
4201196,246.35027320469845
4202197,211.6939501586512
4203198,249.3638260954624
4204199,259.7246330550918
4205200,119.96836838561075
4206201,253.10503816355967
4207202,250.73193438234878
4208203,218.4564738784282
4209204,159.2866562724384
4210205,249.2858652423843
4211206,245.16217582825612
4212207,254.29615140928618
4213208,269.8362288148511
4214209,188.83219614689872
4215210,253.30022567325568
4216211,142.83872742362422
4217212,255.30957234521537
4218213,58.817455303396876
4219214,201.68888978407452
4220215,266.37292165412026
4221216,237.85265808534817
4222217,224.45754686050321
4223218,254.95950291801205
4224219,256.5405994546266
4225220,258.6074349321506
4226221,103.72152351946745
4227222,206.80960366474895
4228223,132.40335456001768
4229224,116.10194823420565
4230225,233.69721706390385
4231226,257.75008010681313
4232227,261.18480706600815
4233228,267.77578306202486
4234229,267.33100772877896
4235230,177.52842873265803
4236231,239.21637764923094
4237232,242.09071009955912
4238233,232.81251415750828
4239234,256.7142132649689
4240235,118.92652716106323
4241236,84.16910490237075
4242237,250.62074194638134
4243238,67.26555633894876
4244239,275.7940355645212
4245240,173.18694762546625
4246241,266.1432110180617
4247242,260.6162776218646
4248243,235.66955766848457
4249244,247.03962556763975
4250245,124.02746677788612
4251246,248.2318919741646
4252247,244.48427102795523
4253248,178.87624702275463
4254249,251.1363554138661
4255250,269.0907012269757
4256251,249.9780635965829
4257252,144.6448028210548
4258253,257.8059714922319
4259254,165.52842404396716
4260255,248.74936268295133
4261256,244.49387942571332
4262257,259.2255636509116
4263258,215.63004762131402
4264259,260.87169196004
4265260,254.11314697175777
4266261,264.43995713637025
4267262,242.9980850243093
4268263,249.31199453949662
4269264,87.09959647663317
4270265,215.6571459068051
4271266,188.34970410794762
4272267,230.43522025773458
4273268,197.08988642628066
4274269,212.99393971011793
4275270,250.03351902316987
4276271,259.2694564908934
4277272,257.7680812119244
4278273,252.27621437291535
4279274,46.39746550289229
4280275,143.15126110334998
4281276,91.28934146257916
4282277,244.26345693186175
4283278,157.46293815146353
4284279,220.62017687316208
4285280,255.90581671971688
4286281,239.79302980400948
4287282,223.88432234383586
4288283,244.85473831736016
4289284,248.03537985906644
4290285,254.8946694476089
4291286,257.85265985631554
4292287,238.0190036320413
4293288,174.39707548333942
4294289,263.49232361796356
4295290,240.5861800507785
4296291,254.61341325612352
4297292,262.4698701305181
4298293,249.11903753108254
4299294,270.48856343977485
4300295,257.3984670465751
4301296,260.8431146515461
4302297,260.5250004619231
4303298,266.78661960273655
4304299,139.5404928230291
4305300,238.4091642551878
4306301,141.92398343164405
4307302,114.72458778257061
4308303,238.95681280440724
4309304,262.19228000875256
4310305,264.44237902318076
4311306,81.34113881411392
4312307,258.0128604347546
4313308,192.17412881612685
4314309,259.2919235348532
4315310,266.7474214482843
4316311,238.3100807117392
4317312,220.91436449451353
4318313,83.29908488055815
4319314,260.8964572804117
4320315,199.54146485681142
4321316,204.94378972936892
4322317,211.28379368102063
4323318,240.28696883366717
4324319,107.08546811186072
4325320,122.25656078620662
4326321,171.58311117194594
4327322,179.72197127183
4328323,157.70467758283183
4329324,107.33178637477701
4330325,191.4076097659784
4331326,220.43683726629553
4332327,278.0779983034921
4333328,257.1309470934281
4334329,252.65109035115518
4335330,258.79355667033053
4336331,269.212263002384
4337332,178.5982462385355
4338333,188.6470486955964
4339334,277.6701194701038
4340335,230.2511108983202
4341336,172.6792199760696
4342337,263.5978708313113
4343338,257.6749980602615
4344339,63.96986161112
4345340,269.91478768533733
4346341,268.1551404150302
4347342,200.1171515600667
4348343,135.79366970721318
4349344,231.08865067079037
4350345,218.618450198501
4351346,273.2378979771091
4352347,222.04828586981012
4353348,240.47061646315973
4354349,207.9280811307088
4355350,236.4876233019199
4356351,261.57153121734024
4357352,242.94803348988088
4358353,264.94393626188935
4359354,238.03937747275413
4360355,234.98555567530653
4361356,260.2729987218367
4362357,229.55651875744402
4363358,260.902153990298
4364359,257.27308101589773
4365360,268.7917883337724
4366361,107.24097345855884
4367362,254.19137148859852
4368363,262.29647155690134
4369364,254.19531265617002
4370365,252.47812495010552
4371366,180.0887621160102
4372367,50.51269650417363
4373368,199.80143699030293
4374369,259.20876264053584
4375370,260.26761561021874
4376371,278.66079550477343
4377372,207.56548306689263
4378373,269.5581249901211
4379374,247.99261910305293
4380375,251.74158568370004
4381376,239.49900574758735
4382377,264.0001748379534
4383378,254.9712583971473
4384379,256.53141025617947
4385380,231.16590910798658
4386381,268.9126068133412
4387382,241.57712340972125
4388383,267.9798155640164
4389384,199.39897397192004
4390385,251.84865270370184
4391386,259.6125420227761
4392387,217.38351458263446
4393388,233.001276364666
4394389,258.476431595712
4395390,211.391107544618
4396391,265.2469368413173
4397392,117.60029953509198
4398393,260.4313276288742
4399394,250.96252118792782
4400395,269.2248667323288
4401396,114.18741117841964
4402397,247.5488682113442
4403398,239.701020257704
4404399,189.788061854468
4405400,260.4443648496272
4406401,261.4202377528818
4407402,271.7788414583708
4408403,270.14599628746566
4409404,257.962287699447
4410405,195.05953878540012
4411406,255.45452003278953
4412407,74.40971544851163
4413408,147.3948576241203
4414409,219.93134002749673
4415410,261.86956391656315
4416411,261.6456224499898
4417412,102.04409549509488
4418413,253.80766692108526
4419414,206.24679841175396
4420415,255.97461896528426
4421416,236.82067221156524
4422417,257.2157681650637
4423418,199.46314136859687
4424419,257.701408355227
4425420,185.67174076173268
4426421,88.81349568985898
4427422,255.02057502853282
4428423,272.5210483315988
4429424,223.57497896899753
4430425,259.7027288497319
4431426,252.47693984761193
4432427,247.80004049298321
4433428,63.77310589979634
4434429,263.81821890531984
4435430,252.64357167317812
4436431,248.42633111211984
4437432,252.0369604571484
4438433,268.2326341854204
4439434,187.87759636351174
4440435,238.02734767815863
4441436,234.4504972792172
4442437,244.33649796604914
4443438,240.33412835850118
4444439,265.5256896626397
4445440,265.00992013043896
4446441,262.6273704024458
4447442,250.27813959352812
4448443,201.958752625525
4449444,251.29529248310837
4450445,248.53844091845735
4451446,243.2513334363933
4452447,168.6823917182437
4453448,249.86857947200073
4454449,127.47680394692583
4455450,245.86616609050142
4456451,155.60542528839758
4457452,211.63980363438293
4458453,260.3247974948753
4459454,222.22885145675534
4460455,224.94725377893297
4461456,265.29202771882007
4462457,259.259838887
4463458,246.48901610302798
4464459,255.5148753467063
4465460,270.8095072063616
4466461,241.92459575453645
4467462,252.6847715060504
4468463,259.00419658051436
4469464,143.10985711158722
4470465,46.14889562178424
4471466,260.8087966797297
4472467,264.7789405152439
4473468,238.2310624007728
4474469,259.9314955495854
4475470,255.4425160013409
4476471,201.78071382109036
4477472,167.53146582514648
4478473,254.86314534321136
4479474,247.04129354323263
4480475,52.70358842982716
4481476,264.5692664386548
4482477,240.21787403102735
4483478,138.89573797711054
4484479,246.24610332989926
4485480,206.04750294425273
4486481,204.43429877902327
4487482,239.1077299779498
4488483,258.6588306713762
4489484,267.1035070920926
4490485,194.21243388421496
4491486,241.89275603022105
4492487,221.9376383659897
4493488,237.10980789684032
4494489,218.69499757747502
4495490,254.77232391053053
4496491,270.8556829367058
4497492,257.2954564327913
4498493,198.7997136047347
4499494,62.19233956667576
4500495,256.5549159910366
4501496,204.09703989822242
4502497,249.1515530954782
4503498,235.4261238196463
4504499,95.54823024148112
4505500,196.86341934666405
4506501,79.4651093299871
4507502,169.18187199659442
4508503,66.51073772840108
4509504,245.55312673025165
4510505,239.45893227128428
4511506,227.9965133828815
4512507,68.00454540671774
4513508,178.98603045600117
4514509,231.10202715529724
4515510,57.35528476822254
4516511,250.00756033145686
4517512,240.75305297787156
4518513,219.8340622528401
4519514,214.12971164038555
4520515,182.16982778906683
4521516,243.67491687440167
4522517,263.2879663411816
4523518,264.0613671803596
4524519,240.4165857033406
4525520,232.2060393183241
4526521,243.09347785489527
4527522,249.38745250186642
4528523,251.38306918175186
4529524,258.4136350029592
4530525,252.26851919096478
4531526,252.9457131136822
4532527,240.98527921486215
4533528,254.30064658054042
4534529,214.67086755259854
4535530,246.70824800699876
4536531,262.39303442158257
4537532,183.37211223663084
4538533,242.75478299796777
4539534,259.5545242174802
4540535,245.84412648169643
4541536,221.72160111816322
4542537,246.39072191582383
4543538,164.9431018382895
4544539,244.86085257163478
4545540,249.25593309376995
4546541,165.43625143923546
4547542,260.8644550113274
4548543,254.13731093495028
4549544,208.697750125881
4550545,246.04124283480184
4551546,247.94383641147448
4552547,132.7730433021482
4553548,261.6721375305587
4554549,248.07961213401865
4555550,246.3967132434493
4556551,230.03058422614785
4557552,230.18595331686709
4558553,251.38751541048404
4559554,250.9643281488808
4560555,236.60081078587038
4561556,202.271995920445
4562557,195.0496167354672
4563558,218.3345201698141
4564559,173.1119249208728
4565560,255.924860117904
4566561,253.1404161290525
4567562,272.92317244978994
4568563,255.14808140937862
4569564,218.79342608645305
4570565,109.42239288979877
4571566,263.82036546400496
4572567,185.85582230613983
4573568,261.27523541929276
4574569,206.2867655784695
4575570,232.63866355224874
4576571,182.0780665779391
4577572,234.15139790565075
4578573,234.8146401703577
4579574,249.0092564650145
4580575,242.6212646269013
4581576,104.22965539873243
4582577,240.44690350361677
4583578,253.22534072249854
4584579,234.20859634296082
4585580,210.1583951114653
4586581,249.10008646554434
4587582,112.38235430583067
4588583,71.47900440663618
4589584,201.41223748150134
4590585,239.15257913671422
4591586,214.58735515213147
4592587,216.65009631208937
4593588,102.87263140849748
4594589,212.18666094788
4595590,264.28621261788066
4596591,204.36302985012856
4597592,241.84610222851245
4598593,245.19688841237075
4599594,229.52470215915935
4600595,248.3889632071126
4601596,183.21715727780222
4602597,51.18524547702854
4603598,256.29269247115656
4604599,251.77061538204168
4605600,200.82210945976234
4606601,243.29045687899244
4607602,83.25071471748083
4608603,245.70487759831622
4609604,196.70879331990014
4610605,218.03664324448835
4611606,185.78415415780353
4612607,78.22510854700734
4613608,232.27389418275754
4614609,254.93030562444227
4615610,245.8369860236289
4616611,47.4088910602929
4617612,264.0063352433674
4618613,224.0001628747536
4619614,252.67273835287227
4620615,257.4035128399125
4621616,157.345785227167
4622617,260.371632182541
4623618,246.56709666726377
4624619,211.40952687543754
4625620,148.86669676088246
4626621,256.27163164603814
4627622,233.956962023082
4628623,235.13304416365665
4629624,253.59714147394862
4630625,136.95902959937467
4631626,242.7914974950398
4632627,248.74872629210077
4633628,205.94883595492914
4634629,260.46730828300224
4635630,241.76443106149677
4636631,240.33723778123723
4637632,257.78795453877484
4638633,234.2107428768584
4639634,245.65718987499517
4640635,197.45157714665626
4641636,216.1497497776594
4642637,253.73888343225875
4643638,173.67648539932642
4644639,217.92232554520726
4645640,251.69906209645535
4646641,229.55020139915723
4647642,83.6300916424785
4648643,247.78095961024644
4649644,251.2531562616351
4650645,240.38951868635507
4651646,111.69618976688632
4652647,243.88873717917068
4653648,274.3256567968813
4654649,233.41487423295857
4655650,269.1006097842221
4656651,245.02248835976278
4657652,243.42893357142708
4658653,236.0944819932301
4659654,236.9912110560523
4660655,216.06663737266263
4661656,123.42488584434034
4662657,222.70257897029464
4663658,238.29733611394258
4664659,254.6389528371542
4665660,66.87673095103284
4666661,264.9362574910077
4667662,182.48672269964237
4668663,261.278681635037
4669664,260.94754961806484
4670665,157.6445499242938
4671666,248.58429440512685
4672667,270.72608649017434
4673668,141.01029190741187
4674669,244.68245741374616
4675670,234.91913353190154
4676671,245.7547028867666
4677672,260.52556973581767
4678673,244.2382423856972
4679674,269.3455731235182
4680675,233.72952789061767
4681676,219.02226201640678
4682677,86.50115368901092
4683678,242.4067907305145
4684679,47.834682909489196
4685680,252.99431964924688
4686681,238.37438948142642
4687682,243.7093343276821
4688683,267.1540042748139
4689684,265.1140047089913
4690685,236.75221815640398
4691686,241.79023992296663
4692687,87.46349744028129
4693688,264.7466001174948
4694689,246.89982800728657
4695690,246.3756395937059
4696691,245.19258031168735
4697692,182.88646534804246
4698693,258.773966720916
4699694,63.99351152910162
4700695,234.4026827214427
4701696,248.05351969470868
4702697,213.52892628855844
4703698,248.65453924915153
4704699,237.46482789328897
4705700,242.256887540161
4706701,235.82622998731284
4707702,246.01491631645874
4708703,239.2054409247611
4709704,260.2605859998628
4710705,248.46254423154295
4711706,189.6256180817502
4712707,241.14340302954747
4713708,255.77468675987737
4714709,268.39071574592157
4715710,222.38425494200786
4716711,233.15232217250707
4717712,232.1594751879584
4718713,226.47578235850318
4719714,71.99692903697562
4720715,256.18468038609507
4721716,265.3348641287202
4722717,246.1727166836798
4723718,263.97180426317897
4724719,238.52576384268696
4725720,248.26422837332353
4726721,274.4413336119746
4727722,259.03864849520295
4728723,246.99488807082372
4729724,188.86346947670907
4730725,176.27653224041617
4731726,112.98030301013885
4732727,125.94574903669839
4733728,47.16728554109363
4734729,187.50477602886107
4735730,110.38079133238602
4736731,266.0763449018062
4737732,258.20228226240033
4738733,239.1381046974542
4739734,259.99461326183757
4740735,155.72068636731996
4741736,239.55024961521625
4742737,251.16036846615694
4743738,246.08984281387805
4744739,243.21947264699628
4745740,255.4247857581602
4746741,234.43822501395573
4747742,252.53134812489682
4748743,75.60478366256567
4749744,115.23865929567992
4750745,263.7874545363303
4751746,164.2753917298206
4752747,249.96031174309223
4753748,266.1333718307061
4754749,251.5922618130255
4755750,252.98716891063592
4756751,229.39602626344077
4757752,250.5788954691583
4758753,219.64842069585183
4759754,218.25889542805845
4760755,34.52819117557289
4761756,244.11320157239547
4762757,264.23207315953744
4763758,233.37905055441712
4764759,241.72709188932913
4765760,256.6167109925272
4766761,267.3369813436164
4767762,252.56585744501916
4768763,253.95437731193132
4769764,252.77738882206336
4770765,245.9159707978789
4771766,113.32409379479309
4772767,255.24744697343772
4773768,234.39825222036032
4774769,115.4369888153805
4775770,247.91446143099452
4776771,236.1734517578387
4777772,73.56700822341816
4778773,238.6199459940642
4779774,189.01346231173054
4780775,190.6846304907694
4781776,61.83837099795219
4782777,221.51528669751949
4783778,240.24540110988804
4784779,69.90551786359168
4785780,83.04303171287687
4786781,257.8328671202309
4787782,247.01618171533343
4788783,244.80399315128193
4789784,136.5595864611066
4790785,201.4322740497381
4791786,192.87757815163522
4792787,100.8223387143915
4793788,218.26227210522873
4794789,220.95351535455052
4795790,59.264155047233466
4796791,178.63455497120884
4797792,254.0618251585678
4798793,255.52241143775086
4799794,243.59737106110043
4800795,223.97486661584716
4801796,259.5227087481596
4802797,67.5607136058
4803798,272.2131315374289
4804799,211.99930767763456
4805800,267.99595057908675
4806801,203.08670006687396
4807802,74.96391414626228
4808803,258.7458904044215
4809804,245.92527584077794
4810805,275.7183150195067
4811806,259.79504522434115
4812807,256.540360789108
4813808,232.94220626793776
4814809,217.5637492773159
4815810,244.39134822783134
4816811,252.41561068973766
4817812,95.30795684788832
4818813,152.07412518552874
4819814,251.7114671042573
4820815,241.23336735367675
4821816,222.98270666786905
4822817,258.45680658638395
4823818,201.60116754893707
4824819,249.28070135782016
4825820,251.5895646990422
4826821,52.33442499024838
4827822,241.20018367656655
4828823,55.91858460034494
4829824,256.172565285306
4830825,233.39772948886701
4831826,252.0838558666833
4832827,256.37101432205327
4833828,210.3349169785235
4834829,198.037690380835
4835830,253.5482624430361
4836831,216.28091988330394
4837832,239.68619466672112
4838833,237.85864402717814
4839834,246.21073380505536
4840835,248.78299514886834
4841836,239.00574557173263
4842837,215.57766488554972
4843838,174.91764794567905
4844839,257.5697059343124
4845840,177.9665346196893
4846841,223.8530056281413
4847842,249.37631423131526
4848843,244.70701215393993
4849844,224.70858514834725
4850845,232.14936706696614
4851846,259.486807060909
4852847,250.32096514525338
4853848,58.43833035179205
4854849,248.44279636238332
4855850,210.64623868413054
4856851,255.63628268308977
4857852,255.45832837192577
4858853,260.9101211863619
4859854,250.99397385870208
4860855,245.86357527881157
4861856,249.82927660548992
4862857,142.9319061900059
4863858,259.2651127712036
4864859,200.7161233794611
4865860,264.83663366418466
4866861,258.84729545344453
4867862,274.9589904866545
4868863,190.81507349460117
4869864,255.2769405863733
4870865,254.30667416239234
4871866,210.25010408092965
4872867,123.6411709212374
4873868,65.3343617591132
4874869,246.79171402585496
4875870,244.38351428286813
4876871,233.36022458514523
4877872,223.74904414468187
4878873,117.28279924984699
4879874,56.820771091600996
4880875,251.11184732044137
4881876,56.68801588970399
4882877,257.80369724972303
4883878,99.27607821850458
4884879,245.3290924149076
4885880,232.59929455528592
4886881,238.69828996443235
4887882,243.52939988532887
4888883,241.12604372164705
4889884,263.36027435847063
4890885,238.66588476243547
4891886,243.7853798884362
4892887,240.70816107792976
4893888,172.84605593007475
4894889,246.32389442895658
4895890,91.89815441945466
4896891,165.09924752041405
4897892,111.31222934235835
4898893,228.6252990084673
4899894,248.4944044448457
4900895,251.6593247200925
4901896,253.86078411386882
4902897,172.1954712169524
4903898,240.10751041693416
4904899,242.5328762354171
4905900,257.54767469675687
4906901,243.8166809956068
4907902,219.81763433713493
4908903,250.6363905463842
4909904,79.00477287265981
4910905,260.9448543588684
4911906,167.52297142525453
4912907,66.96968057819883
4913908,215.1264428257327
4914909,251.75690026805177
4915910,69.56787047366241
4916911,230.25036618728717
4917912,259.0640872127839
4918913,251.76544506048705
4919914,224.4138734792715
4920915,242.92519099768924
4921916,236.5643981248344
4922917,252.4537254909552
4923918,89.43807818802557
4924919,70.54462189860793
4925920,257.34703124910163
4926921,246.6219622588924
4927922,250.64204635097468
4928923,242.09801192730362
4929924,217.87021453105103
4930925,257.84959396149577
4931926,261.4621780497289
4932927,210.5721527930627
4933928,228.72209655779687
4934929,185.62973418864786
4935930,199.13485443291052
4936931,198.21877448063063
4937932,200.80561142186872
4938933,169.89468480804933
4939934,230.01251815158307
4940935,129.68223187996082
4941936,163.80360923008982
4942937,222.76393976174353
4943938,73.87084247007708
4944939,138.04523718979925
4945940,247.1645592066928
4946941,246.57465240907405
4947942,52.743330716462815
4948943,262.5540812243344
4949944,257.71361282834147
4950945,228.02236559807437
4951946,222.82499830294825
4952947,256.55018325188905
4953948,264.3976390609208
4954949,268.2834032042485
4955950,249.9478914558812
4956951,68.13762034710194
4957952,205.33197484961767
4958953,104.793038080753
4959954,211.37332620524452
4960955,246.97212789653142
4961956,222.66259031133748
4962957,251.87215383494166
4963958,261.9715846102075
4964959,249.7767900664119
4965960,244.38617466675544
4966961,76.98899405615325
4967962,269.97116798536655
4968963,219.23872420760034
4969964,254.24308759547193
4970965,231.2004998915337
4971966,264.9573401008052
4972967,214.15993286789205
4973968,261.0017570453828
4974969,84.07816578233994
4975970,237.35485320937045
4976971,261.1855645704671
4977972,266.8500829884544
4978973,265.49936011564336
4979974,103.35932420092013
4980975,115.70454059986854
4981976,155.35872975811122
4982977,265.66879378311273
4983978,269.47595061419065
4984979,267.37935021218794
4985980,123.03487406346898
4986981,239.48310509368883
4987982,76.80762800668673
4988983,231.59207508881087
4989984,256.4262369791316
4990985,246.9694496502553
4991986,72.13348065881831
4992987,243.61663540389128
4993988,150.80074130788694
4994989,240.7299724727969
4995990,262.88375925456296
4996991,101.75908177913601
4997992,223.05848336529456
4998993,265.5822209795879
4999994,143.55751792863458
5000995,235.46309338037875
5001996,244.19475019469138
5002997,246.40159131049282
5003998,98.07580696243771
5004999,123.48751072749175
5006000,248.89537751404617
5007001,221.89850113738228
5008002,94.81164364939393
5009003,267.14338750624313
5010004,239.10699787769718
5011005,191.83792840576422
5012006,248.2072927115794
5013007,255.35099404171748
5014008,224.8711211115857
5015009,241.86671783080033
5016010,249.62694258146914
5017011,247.99082345617174
5018012,209.4608778128671
5019013,241.91211950352002
5020014,243.77270629026395
5021015,51.984737006883236
5022016,245.79948204833192
5023017,186.67704612371102
5024018,254.3815093314566
5025019,142.65798388199727
5026020,194.38414785178273
5027021,236.92285283219874
5028022,244.54638890846513
5029023,255.68088176100318
5030024,102.36163112412373
5031025,244.9980015637266
5032026,247.47886785945374
5033027,249.04437073969467
5034028,252.38814550300546
5035029,258.14360062955785
5036030,235.9367287235876
5037031,54.19080261620246
5038032,156.7567421265736
5039033,75.45683503181921
5040034,237.3399174070614
5041035,235.7405019611345
5042036,222.52349070121969
5043037,246.5495816855148
5044038,245.7975623606036
5045039,247.5301256161478
5046040,246.0733486416661
5047041,245.42167670365015
5048042,214.6026716913158
5049043,246.26624355284022
5050044,260.1491265681527
5051045,208.3435532133752
5052046,233.1829463159561
5053047,160.98882276901244
5054048,221.4377854667885
5055049,91.89336230698062
5056050,242.98475918283276
5057051,177.42910423377083
5058052,252.16587961117835
5059053,251.31758830628095
5060054,125.32407030525862
5061055,254.2942321302466
5062056,268.11824804581863
5063057,195.72470810948343
5064058,258.336308296356
5065059,236.79689464948277
5066060,228.45495697339334
5067061,223.81926076707433
5068062,268.29679338268977
5069063,249.18237950982393
5070064,246.70847159743852
5071065,112.68390653599668
5072066,165.69235376861664
5073067,252.79252885170163
5074068,138.66673431444357
5075069,61.27368894776776
5076070,207.28985611827565
5077071,247.34739829964357
5078072,236.0959411984839
5079073,242.31636796978532
5080074,259.1497015692625
5081075,102.61464391841294
5082076,256.47731785350265
5083077,246.43505059973862
5084078,71.56730857592285
5085079,58.11403855737404
5086080,242.92754584936407
5087081,71.85729268774507
5088082,179.42541232992687
5089083,199.85943584327165
5090084,257.26817579415143
5091085,235.01440546997372
5092086,246.95067851098366
5093087,48.264128626433724
5094088,230.64222188107905
5095089,40.60939250662668
5096090,234.77728680062512
5097091,177.20378092247748
5098092,58.662692731637016
5099093,62.63840058065558
5100094,240.84943242549784
5101095,230.75056829004726
5102096,144.71693680605455
5103097,231.97092324519858
5104098,257.92444362105624
5105099,60.97040390270615
5106100,254.90599285057866
5107101,136.18957412284635
5108102,129.61577462733712
5109103,132.93082124750947
5110104,218.60512680691565
5111105,250.94684223204428
5112106,254.71039672728682
5113107,79.02935311503792
5114108,246.415734824252
5115109,247.42023032320122
5116110,225.6909628744986
5117111,252.7195398897338
5118112,151.78662575475607
5119113,259.72176559478737
5120114,197.19745996251459
5121115,68.60950057767613
5122116,107.14252696842529
5123117,43.14606150065165
5124118,250.28308459460877
5125119,247.95214357470107
5126120,260.01487680673233
5127121,246.0410190624507
5128122,230.57097559955224
5129123,250.307109900532
5130124,146.40750265686063
5131125,234.61940739472755
5132126,254.52488735319432
5133127,212.93323954346852
5134128,163.0515097229492
5135129,244.0277438115221
5136130,251.65697617398789
5137131,150.1906539839883
5138132,245.55119009499347
5139133,259.0008311939858
5140134,254.09595996476543
5141135,234.16094653979533
5142136,185.54320372835264
5143137,245.16560099059944
5144138,238.1429573615479
5145139,240.731898404107
5146140,252.26912075516339
5147141,248.21033263564965
5148142,58.73595336839351
5149143,249.1843645750848
5150144,260.5676716824239
5151145,247.75859667234636
5152146,198.15542822506944
5153147,238.67792452608384
5154148,237.88661667223738
5155149,249.50718937204263
5156150,218.6181926970139
5157151,103.87862071882967
5158152,262.25440958733617
5159153,229.06869959383133
5160154,192.39597476615145
5161155,253.86436228784723
5162156,139.22607777263707
5163157,241.7460620306065
5164158,87.5169770856864
5165159,254.89079109524747
5166160,232.99250837759422
5167161,227.6029625012169
5168162,249.21699387263217
5169163,260.295683767972
5170164,243.07690795131583
5171165,241.85250849885264
5172166,43.79598562519948
5173167,86.01638832821413
5174168,95.2335974006357
5175169,239.36850486356872
5176170,205.08575728190297
5177171,253.76469787859114
5178172,244.54014536107815
5179173,105.4521182334519
5180174,245.32890558179656
5181175,231.34203245950678
5182176,222.8212758404563
5183177,268.78789504156157
5184178,238.6037665215296
5185179,114.53605842899873
5186180,166.46802572729894
5187181,269.40156250679695
5188182,231.4682511858529
5189183,94.86404419490752
5190184,85.55973149936602
5191185,121.48865385378919
5192186,240.21019996424877
5193187,237.77031169381885
5194188,107.55278231794964
5195189,86.53349674737089
5196190,255.9948777762593
5197191,201.30353054957467
5198192,249.36014267216498
5199193,67.66898953256363
5200194,169.56459904956685
5201195,239.0399926973237
5202196,256.0750852207113
5203197,170.25542907202444
5204198,248.68636313954403
5205199,170.77047499001796
5206200,165.41369949907815
5207201,263.3291061103995
5208202,257.26666203272265
5209203,250.00386225045614
5210204,200.45184010425197
5211205,254.4324259254326
5212206,258.3817602953592
5213207,253.19040650252455
5214208,242.6035963083745
5215209,231.07401981168732
5216210,246.4701767614984
5217211,97.201774979821
5218212,167.2547101207894
5219213,233.21346596314106
5220214,219.72787245632762
5221215,261.02030780798793
5222216,238.8329242671003
5223217,249.22630478613814
5224218,130.80741372597362
5225219,254.60146673449057
5226220,198.18752705134656
5227221,251.10813605754112
5228222,52.11217651054986
5229223,249.85294122493372
5230224,235.9111973198012
5231225,247.26049609542596
5232226,121.28216727755759
5233227,249.33842821583647
5234228,130.33773120489866
5235229,233.52787620499842
5236230,182.99732002759313
5237231,245.96158615078113
5238232,230.7040312072959
5239233,155.2519314243408
5240234,247.89342365215253
5241235,254.52859049476126
5242236,251.93241491776948
5243237,252.36794656464076
5244238,124.29754341428746
5245239,216.71780396044952
5246240,261.070953043377
5247241,227.6710810547375
5248242,231.3051608642559
5249243,258.37030411320274
5250244,246.49333453076846
5251245,218.37200608983937
5252246,254.41086532394309
5253247,211.3802903189708
5254248,176.46871420747658
5255249,252.70593677132396
5256250,229.93972704071362
5257251,242.0540107049806
5258252,202.76757354378438
5259253,235.42686695619264
5260254,256.36609873029266
5261255,200.08430749157907
5262256,224.48414808695338
5263257,252.2860809368809
5264258,231.06913125968725
5265259,132.0217769445523
5266260,242.72138816010428
5267261,63.554963696237195
5268262,245.1931894789831
5269263,251.64403005784473
5270264,188.23306750149862
5271265,251.16064669212565
5272266,205.16073768847386
5273267,240.71962586918974
5274268,102.12957026701464
5275269,79.09295337235766
5276270,239.89936070779422
5277271,237.77138682069594
5278272,67.38184148685181
5279273,217.3908643943522
5280274,265.4094397739609
5281275,232.74014997594182
5282276,248.19377271307985
5283277,229.37538827279673
5284278,77.503245746818
5285279,272.2059374008892
5286280,260.34770471663614
5287281,241.49471951791412
5288282,241.79885693650587
5289283,235.1308861998249
5290284,249.41376719587035
5291285,259.62431334026485
5292286,249.88620605148333
5293287,240.91844734971397
5294288,209.9527593911145
5295289,252.02772507147105
5296290,269.129770414522
5297291,239.04545790420738
5298292,255.48782130658387
5299293,238.1463000929796
5300294,240.02735685058747
5301295,250.24275731403426
5302296,242.1052307799346
5303297,266.9105665986026
5304298,97.69050121131083
5305299,251.22580061409883
5306300,244.16348421434915
5307301,271.62732731339264
5308302,247.3865565746258
5309303,148.3670383085056
5310304,265.6370280663106
5311305,153.0291879374981
5312306,248.08233274410065
5313307,233.48279687814284
5314308,249.47678859402956
5315309,88.40703288527428
5316310,119.72254948905478
5317311,98.63810932782248
5318312,250.15898024366527
5319313,222.61051282457538
5320314,261.56970458003354
5321315,205.56404407958863
5322316,240.98921405474707
5323317,233.08147388311932
5324318,245.4012632049129
5325319,247.53534105930973
5326320,244.08962928372245
5327321,207.82490698749695
5328322,129.33288398200017
5329323,178.9083980714494
5330324,241.00399292013597
5331325,254.6842030583755
5332326,250.4864353799265
5333327,172.06545446453225
5334328,242.49101548724548
5335329,84.4891744464718
5336330,246.63958416172778
5337331,261.79260116869074
5338332,164.06222412048925
5339333,84.824273323914
5340334,251.0886600297699
5341335,228.72768758559653
5342336,55.56748396545005
5343337,215.986689046658
5344338,219.30678303544275
5345339,194.80215173811698
5346340,240.15720540975676
5347341,240.5829561372928
5348342,205.96745402979565
5349343,253.77213080939924
5350344,261.13368474768475
5351345,65.51820351713111
5352346,203.68330311882778
5353347,193.5285136845406
5354348,209.09495363146752
5355349,221.41731540712806
5356350,247.82908821544552
5357351,244.73001508232252
5358352,244.996343127384
5359353,258.82443723116205
5360354,126.36272900793911
5361355,111.47708364295642
5362356,246.85300460122605
5363357,195.47281477339425
5364358,264.278965666024
5365359,78.36533174903022
5366360,267.7342434571275
5367361,247.39516887519665
5368362,196.15771894835115
5369363,148.39547652250886
5370364,122.196028976043
5371365,67.69168238298587
5372366,246.59352132757041
5373367,239.8338568177008
5374368,167.97153635721244
5375369,188.99091997541507
5376370,252.44201443536167
5377371,244.5825784248735
5378372,225.6465157936695
5379373,137.45985085788445
5380374,229.50743303244377
5381375,246.04907257705892
5382376,231.76291191344598
5383377,272.6906289700536
5384378,131.83498478550604
5385379,270.37517673567555
5386380,253.17374939139748
5387381,242.30650365473133
5388382,238.35637588911905
5389383,220.8536279133612
5390384,261.8516012255658
5391385,239.52921578834108
5392386,252.11042108770278
5393387,255.15621631219054
5394388,52.9559348887728
5395389,267.95036242957605
5396390,251.27462568018794
5397391,255.2466230228962
5398392,44.27781989610527
5399393,240.4662351743845
5400394,246.1201244696159
5401395,241.15419350810285
5402396,272.0384148143623
5403397,112.43297168742994
5404398,252.17229314003103
5405399,206.85362397598024
5406400,71.61782948108846
5407401,59.46915937106651
5408402,252.25844813584163
5409403,248.93019273077925
5410404,70.3855502989215
5411405,263.590432366237
5412406,249.5032126463153
5413407,184.56425378071629
5414408,70.01336800756833
5415409,250.56709524286333
5416410,142.11587556896646
5417411,262.1574333701882
5418412,167.92003209362707
5419413,244.16867388381385
5420414,97.25544613975588
5421415,255.63402662810353
5422416,262.39232676293494
5423417,147.9057736895764
5424418,267.02497092078073
5425419,246.97817867764493
5426420,265.41976064633445
5427421,175.71090878288408
5428422,258.0524546745898
5429423,55.979341313577486
5430424,236.27980252842562
5431425,120.35447591419779
5432426,248.1789735074007
5433427,249.67297095707883
5434428,228.13886799733598
5435429,252.9492521837597
5436430,74.46727727835497
5437431,206.68703914084494
5438432,260.6895288628826
5439433,247.22591536520014
5440434,264.36899820818076
5441435,265.55106311170186
5442436,111.11965840077654
5443437,240.6749725215906
5444438,239.74983533590955
5445439,204.08078560882535
5446440,267.404405268991
5447441,91.65135536579909
5448442,216.67393492276435
5449443,144.98747042612655
5450444,86.72734237071613
5451445,264.64661700600624
5452446,264.36727341389064
5453447,261.21818286741996
5454448,236.37155404356102
5455449,252.32829517534825
5456450,166.3578824870303
5457451,275.8200462016784
5458452,240.34457556084288
5459453,232.66170503869492
5460454,255.6013292298246
5461455,106.09499772294357
5462456,215.16877517793992
5463457,244.82161290165686
5464458,259.78739251750136
5465459,213.3467005914673
5466460,252.70270549724245
5467461,257.4027411448158
5468462,268.19212096941294
5469463,197.59376156658888
5470464,212.89185777565064
5471465,234.55492266291893
5472466,248.39856828912954
5473467,177.32876321880775
5474468,260.0255345716913
5475469,246.17898061397523
5476470,255.8021892581249
5477471,248.31745335354748
5478472,125.96623409771102
5479473,253.30167050270796
5480474,250.5882989177154
5481475,90.89150499604594
5482476,248.61148630494355
5483477,249.33095329769145
5484478,247.72701077390974
5485479,88.2552773372039
5486480,116.96944453002287
5487481,253.9400340389368
5488482,260.1861520758594
5489483,252.68602280823453
5490484,259.31700251693644
5491485,223.47408381586428
5492486,264.2156032599328
5493487,206.31972359744992
5494488,240.10496142194953
5495489,253.44335839963145
5496490,262.7755166522403
5497491,214.3020747333703
5498492,213.1002177308995
5499493,169.58075773085574
5500494,257.5092351458029
5501495,108.587512368915
5502496,242.7972842492299
5503497,242.7126529277029
5504498,187.33171681585668
5505499,235.69587511824514
5506500,266.4163862937011
5507501,227.59536236651445
5508502,169.5510300651557
5509503,176.3059305472504
5510504,271.52185725612264
5511505,270.92126768955666
5512506,59.990984805494804
5513507,263.1223109232903
5514508,290.7613956019861
5515509,135.54865860611977
5516510,263.9952070143324
5517511,251.32182213519533
5518512,228.71105667523986
5519513,241.88479881503562
5520514,162.64072581936043
5521515,233.67422758483673
5522516,252.52404064470716
5523517,204.32443733406177
5524518,252.41546766218067
5525519,221.47859151092817
5526520,258.1526322851203
5527521,225.3907729784436
5528522,234.13069586052157
5529523,243.7066316800621
5530524,243.67796134258197
5531525,276.65421809480443
5532526,274.9141798046752
5533527,260.8112076736075
5534528,245.4265006525713
5535529,230.50554974078904
5536530,241.65071362948802
5537531,84.09093912390651
5538532,41.06253358538014
5539533,261.5957311396788
5540534,258.54831872058156
5541535,258.56945865599965
5542536,58.23888973374879
5543537,241.16951224328776
5544538,245.0991346040173
5545539,73.46021223675089
5546540,232.24886097741066
5547541,244.37203118152706
5548542,237.69881143722088
5549543,143.71952158545372
5550544,250.91947431564859
5551545,262.2087816096147
5552546,177.80069092461756
5553547,243.58373796157267
5554548,194.64482003451104
5555549,259.7146571169292
5556550,68.78665859081887
5557551,33.12973321814836
5558552,241.82854297081414
5559553,241.43302908513823
5560554,195.86436910526783
5561555,262.54106454858
5562556,253.75191188633306
5563557,282.686235385162
5564558,76.03653908500495
5565559,249.16321125498115
5566560,214.12156403163522
5567561,256.5358385047819
5568562,48.874892026028995
5569563,270.97493060729687
5570564,203.80840971051856
5571565,115.88641475117925
5572566,67.19868215403164
5573567,247.20707469992024
5574568,260.7344521686156
5575569,230.88761096189424
5576570,266.3503186348657
5577571,201.52241663886744
5578572,260.2332802604325
5579573,258.27207003607367
5580574,108.86397895215964
5581575,269.2184554527514
5582576,243.8695708913747
5583577,252.91418209581894
5584578,250.4529067045935
5585579,244.9241275935058
5586580,222.01320818800005
5587581,233.80367437106767
5588582,243.93375121023587
5589583,257.2543834959715
5590584,175.17853821891725
5591585,258.96287115120646
5592586,262.72061251837766
5593587,242.72006714721323
5594588,242.8876255155297
5595589,228.56111990190328
5596590,259.2967846421467
5597591,215.53697118444134
5598592,85.66035021959928
5599593,148.13581237482893
5600594,251.2158642863118
5601595,192.13697385617562
5602596,264.23891567318526
5603597,294.1602910349071
5604598,252.70736225949136
5605599,230.21647823812867
5606600,151.09500993794376
5607601,187.07154076084814
5608602,59.28397292379713
5609603,114.08786672881749
5610604,263.8962122991571
5611605,246.67087399812513
5612606,247.19111635942616
5613607,258.1425984595558
5614608,51.52447123245619
5615609,255.06562389288445
5616610,262.0385882048398
5617611,246.69466346663333
5618612,227.26433654924244
5619613,246.77786903409145
5620614,162.35692594271669
5621615,249.17422112704816
5622616,109.55145554220263
5623617,94.93318264234044
5624618,201.41937280722118
5625619,80.07999169041598
5626620,69.54154527516985
5627621,272.9792510948223
5628622,231.52861915124922
5629623,267.14092336010015
5630624,249.9513722375339
5631625,168.5907466756105
5632626,246.3313265115069
5633627,226.54128208804
5634628,172.40736339234678
5635629,253.2393918078206
5636630,262.9681039773217
5637631,208.52828699091327
5638632,259.0358584739363
5639633,252.84486638424343
5640634,224.15006560087508
5641635,103.64648666454245
5642636,269.8102221512268
5643637,110.22200882078673
5644638,263.63847361243984
5645639,262.5781801620672
5646640,184.16664098569615
5647641,258.5187775495657
5648642,251.85076397318662
5649643,230.3857316171229
5650644,270.56323445633484
5651645,70.98525791684315
5652646,258.39117230894306
5653647,251.75408819997216
5654648,244.49116401235716
5655649,253.75151961646466
5656650,244.0444966432833
5657651,254.74568305070883
5658652,234.50594696819365
5659653,254.5607023820146
5660654,259.7188132638336
5661655,249.91165620565266
5662656,213.24393901749556
5663657,222.46928173524648
5664658,157.8046366168324
5665659,185.8266911360631
5666660,246.85196760216206
5667661,252.3070280205475
5668662,267.66217584136353
5669663,253.5726672101137
5670664,248.4205440987492
5671665,247.67059397196036
5672666,131.74217595487582
5673667,266.96396782563426
5674668,254.6575939135614
5675669,252.72391671529462
5676670,266.4511869037632
5677671,257.7001412191384
5678672,239.08954541735005
5679673,78.34062899488707
5680674,223.61484749650907
5681675,219.40260233820615
5682676,224.699842990708
5683677,243.17990357729036
5684678,243.39829316082097
5685679,246.3213155763836
5686680,267.8724855261078
5687681,138.62399338750794
5688682,44.0933773216774
5689683,206.0309671792693
5690684,116.97118806390826
5691685,258.87776731529254
5692686,255.27327123559974
5693687,142.02351305394671
5694688,214.62526242566477
5695689,248.47529816942773
5696690,258.8121640487835
5697691,98.61149284002262
5698692,258.76704100681843
5699693,260.4405314648051
5700694,251.1434885038846
5701695,277.4697814042085
5702696,260.90792590382677
5703697,273.7600965848742
5704698,250.0468951445762
5705699,121.45239374418537
5706700,233.85021339571244
5707701,255.2068693833851
5708702,249.8962710117473
5709703,46.64741946457782
5710704,236.27217846215424
5711705,174.47359744365153
5712706,249.49247878688163
5713707,273.2303922583597
5714708,131.47529503698726
5715709,265.70630323198174
5716710,249.16501185111852
5717711,257.0262825357745
5718712,237.81617305169442
5719713,247.20178232459668
5720714,118.38667870244485
5721715,258.3379586919713
5722716,258.3614015284072
5723717,227.1705266358798
5724718,244.87969808046864
5725719,268.9162893642017
5726720,237.28727511285274
5727721,229.70644933830815
5728722,201.98389399671484
5729723,155.59040705974763
5730724,218.22755992937365
5731725,246.9049856640991
5732726,238.21264919655232
5733727,247.14259175100582
5734728,264.77995262613314
5735729,234.55702755456952
5736730,251.13509786548215
5737731,233.50156203257313
5738732,246.65000758086538
5739733,240.2552097085135
5740734,260.9351481074487
5741735,71.27279298082173
5742736,74.55526579370284
5743737,245.05643016374302
5744738,228.44632909411666
5745739,231.4413491119667
5746740,271.0757007684498
5747741,265.22023695608925
5748742,263.12821348326196
5749743,249.7568482654182
5750744,251.61317136041896
5751745,216.3798957460231
5752746,256.3153889337482
5753747,235.58387681673815
5754748,227.7203674346586
5755749,164.63704328715008
5756750,217.28417489118215
5757751,256.1270782553833
5758752,246.60786855452454
5759753,262.5733481136764
5760754,215.1672985161371
5761755,244.1918924142468
5762756,260.04939324177866
5763757,219.1855845621271
5764758,233.9078705130292
5765759,101.78209127331655
5766760,247.44032841646936
5767761,229.5697557479618
5768762,261.09671083651097
5769763,125.13060625151279
5770764,226.60007214031015
5771765,238.5617444914837
5772766,248.76102482921758
5773767,109.706768381279
5774768,260.5858197469605
5775769,170.68512461452815
5776770,255.06892510611348
5777771,256.5631986367428
5778772,257.29800544441997
5779773,229.0365850911522
5780774,260.83269395123443
5781775,249.04308362444286
5782776,210.83717719997668
5783777,263.24490771351566
5784778,244.88122349829848
5785779,262.62192999156446
5786780,191.41289795047098
5787781,237.08392414450776
5788782,251.7112111984756
5789783,177.5254204446577
5790784,224.82546457442314
5791785,256.5232935495777
5792786,278.79693668642733
5793787,76.80832781030662
5794788,267.4924707831978
5795789,269.0242024732179
5796790,252.2377064405378
5797791,252.99798157915208
5798792,261.0754948051413
5799793,160.3523228542377
5800794,257.107419599851
5801795,257.6560427591692
5802796,255.59174307321265
5803797,169.56133965453893
5804798,253.3171560891014
5805799,236.19316149266132
5806800,266.0089960375959
5807801,160.68349693166195
5808802,267.2694404006928
5809803,249.86786240775788
5810804,274.0578664912902
5811805,245.08929304322604
5812806,258.73669452106395
5813807,192.07341240494696
5814808,257.756231976454
5815809,275.0862720102605
5816810,242.9874195507706
5817811,256.5062711317829
5818812,238.73668256831544
5819813,94.49979252193073
5820814,260.47026421751957
5821815,233.09861210420013
5822816,229.4915309643313
5823817,172.4958352715738
5824818,257.143317460986
5825819,121.27376339532664
5826820,261.3017312284039
5827821,64.89301595159154
5828822,130.36930913588583
5829823,260.84656271259024
5830824,263.7153835066777
5831825,259.03944088036855
5832826,187.5850293818347
5833827,262.58803791572075
5834828,249.950679975783
5835829,212.6245374262819
5836830,211.0607087636579
5837831,228.20829902213467
5838832,241.09091019956986
5839833,199.3674099091757
5840834,194.77878918958814
5841835,168.27023281053368
5842836,141.23934368966184
5843837,42.60095404629139
5844838,257.5912234133858
5845839,259.2109273638564
5846840,186.84700849743692
5847841,275.62315328599624
5848842,47.40916693880309
5849843,258.03299117500507
5850844,269.97547875155544
5851845,130.8192795128128
5852846,247.191604063408
5853847,256.59357162488703
5854848,251.05961491943143
5855849,246.63129222933375
5856850,84.5878555169555
5857851,267.4814960653279
5858852,268.2610243928676
5859853,255.35298125549775
5860854,248.5750014487328
5861855,254.52235599871898
5862856,230.26225769050723
5863857,147.39556545288974
5864858,236.40335701894165
5865859,145.15023606204363
5866860,249.76262155702122
5867861,235.64797516232272
5868862,246.32284461677622
5869863,204.6089768337597
5870864,227.98671748000015
5871865,113.44641723659714
5872866,266.89700012235755
5873867,256.430390266592
5874868,67.05406006070699
5875869,232.42760617991226
5876870,204.87554403552105
5877871,255.8894490151747
5878872,279.7723513031954
5879873,188.58586476547876
5880874,208.8664698703069
5881875,228.43262863884834
5882876,238.53505942482187
5883877,251.06529515612814
5884878,238.96377949871925
5885879,120.7456534569198
5886880,218.41537522972502
5887881,249.25804056194696
5888882,211.87356637943765
5889883,258.5174752067921
5890884,256.08939302840287
5891885,242.07070600336564
5892886,190.32351417356156
5893887,253.89770871858997
5894888,207.958644455298
5895889,223.83239880627022
5896890,164.0166813259701
5897891,127.0716962837402
5898892,263.5316070965414
5899893,269.34190736508833
5900894,253.17434890992305
5901895,245.437409043549
5902896,248.95949483360013
5903897,240.8329558457199
5904898,273.1812720994975
5905899,246.53275517896438
5906900,263.85521561380386
5907901,210.1954291460094
5908902,68.19872225730865
5909903,252.87579578937547
5910904,228.34135867659813
5911905,263.04315338700115
5912906,253.6938574335642
5913907,242.81374678173728
5914908,206.81075544680766
5915909,263.46686662815927
5916910,102.84133552060221
5917911,254.3645456413639
5918912,242.5346488908483
5919913,260.29661528066083
5920914,271.6356181523307
5921915,194.5254419780106
5922916,186.0691720226134
5923917,160.63118612681419
5924918,256.63491302110356
5925919,199.59524809491492
5926920,266.53955165051485
5927921,236.48860072079333
5928922,242.34800325783718
5929923,250.9436537066585
5930924,79.8765795550583
5931925,232.8000911691757
5932926,250.41143953188404
5933927,253.68092991671634
5934928,254.58662070001142
5935929,62.99227395374861
5936930,184.22095604830508
5937931,269.4650988098083
5938932,263.57661107843336
5939933,259.92763714550125
5940934,259.92684115145653
5941935,127.22020997605362
5942936,280.22079138443365
5943937,243.3356615325781
5944938,275.655568488839
5945939,247.83131885945747
5946940,155.35784791954092
5947941,233.8832233115678
5948942,223.65868618185584
5949943,255.40809206985898
5950944,256.43212075085125
5951945,185.21730914986634
5952946,268.9060081413334
5953947,263.8606419425847
5954948,79.78764796559685
5955949,245.4331359870523
5956950,127.607086500657
5957951,45.72206868355258
5958952,214.0735267101633
5959953,269.9532904410592
5960954,252.08588815804134
5961955,263.11025403091963
5962956,265.93541507059217
5963957,141.7321877008915
5964958,246.37447936262603
5965959,122.78650621421214
5966960,200.53290843032474
5967961,74.23535891809414
5968962,253.97499034493651
5969963,253.65927489585
5970964,134.61871148837415
5971965,264.9081753205614
5972966,93.89196976608761
5973967,258.8019518765798
5974968,230.5746283599083
5975969,153.3776043957894
5976970,192.02904718127462
5977971,219.96082487440165
5978972,221.71378044202942
5979973,243.25762094727563
5980974,247.06594317645084
5981975,114.79436622606553
5982976,241.62040631207915
5983977,258.0138946415736
5984978,252.6569094418194
5985979,211.8647437229454
5986980,251.88065270888583
5987981,43.09375041020332
5988982,255.81696667144828
5989983,89.89248485413304
5990984,265.0652955800246
5991985,69.64792505689272
5992986,247.45337980743489
5993987,228.3235484322847
5994988,244.40244589865512
5995989,254.989718709357
5996990,260.4304051158018
5997991,174.82061789207017
5998992,198.35688567136484
5999993,106.80904665717969
6000994,205.85594878891644
6001995,251.93064483960595
6002996,261.95205655260605
6003997,268.9459401986507
6004998,238.96645445241995
6005999,78.17580625888118
6007000,254.8558436410638
6008001,115.22409987481296
6009002,248.68948286918857
6010003,65.85711710520724
6011004,255.31750671388883
6012005,213.1800267694479
6013006,218.71323554918297
6014007,144.40758936351082
6015008,268.1993754442518
6016009,169.98623160295048
6017010,265.72587721209055
6018011,174.76748059144734
6019012,249.55790705242396
6020013,186.9608824055252
6021014,260.9307782110107
6022015,103.06419538953438
6023016,233.27301034452236
6024017,78.80404084286411
6025018,272.0920918991384
6026019,269.99203607047684
6027020,246.9144149410365
6028021,253.79559192305166
6029022,216.05510778303045
6030023,252.66151679044899
6031024,251.7524558245887
6032025,248.0346276582112
6033026,244.265984922381
6034027,238.84032928222388
6035028,266.77340747695587
6036029,264.9745847582902
6037030,244.77085783007524
6038031,256.5378621376939
6039032,236.77989667930999
6040033,248.64482919776592
6041034,242.14360255632005
6042035,249.19350051174462
6043036,195.4106911135489
6044037,226.6083873846376
6045038,57.15249004234929
6046039,255.34002597669377
6047040,251.79616433523935
6048041,75.103063908202
6049042,262.9518422778404
6050043,255.9277727727456
6051044,257.96100867840994
6052045,179.46394300569995
6053046,262.19584831828473
6054047,74.05681639508146
6055048,91.1777988198968
6056049,96.06573641891197
6057050,255.95250391239404
6058051,258.8638172112581
6059052,168.47243909908843
6060053,68.49624664375084
6061054,254.20442126614944
6062055,270.72692557466775
6063056,235.1596027296341
6064057,239.45516255912503
6065058,63.110508105033325
6066059,75.80890734833014
6067060,108.4428056311919
6068061,56.51806759575631
6069062,256.49169484600054
6070063,256.65962591121166
6071064,100.24561998428116
6072065,267.47948443480755
6073066,87.20673113465296
6074067,251.16339369813562
6075068,261.0986540048883
6076069,74.52716980690482
6077070,250.39055656045142
6078071,87.45795188651897
6079072,268.7232785605246
6080073,278.3072710772258
6081074,257.72177730141544
6082075,251.34866239265722
6083076,236.50020154281
6084077,142.78102737409534
6085078,271.3079069874813
6086079,255.72830187894613
6087080,227.89762826128276
6088081,114.27278957093
6089082,253.3877417868472
6090083,252.6554499725383
6091084,193.61271855552877
6092085,262.2540499463863
6093086,248.23723708566314
6094087,258.5068171407316
6095088,275.0963975299192
6096089,250.74577424853894
6097090,114.92509271366833
6098091,244.1947524238116
6099092,221.61625087628832
6100093,263.3535371295009
6101094,232.6160006202263
6102095,228.7811645027344
6103096,126.77245150062141
6104097,157.58037793344528
6105098,266.33207430333476
6106099,187.39122848179966
6107100,66.02887342066143
6108101,173.96080653733728
6109102,58.565938499564176
6110103,194.99125311393615
6111104,246.67558179807688
6112105,44.96672031228159
6113106,170.7848279486225
6114107,231.3061333102534
6115108,99.50922039800646
6116109,76.7271900620622
6117110,238.1591346899927
6118111,262.878802011478
6119112,256.3989102596969
6120113,259.0632869763001
6121114,222.48944373225362
6122115,190.6622848255812
6123116,278.13070538303595
6124117,44.51466943401784
6125118,242.96565872775565
6126119,91.23458539078312
6127120,248.58186631022284
6128121,197.33189874317975
6129122,256.5169033082082
6130123,261.13262153532287
6131124,263.6548768330129
6132125,248.98331791276163
6133126,257.6165287892746
6134127,262.5743168507345
6135128,256.4733309565009
6136129,189.7956280905164
6137130,260.2952909563686
6138131,125.32503853173877
6139132,269.3824714890618
6140133,43.34416456580045
6141134,81.07165281385903
6142135,53.62233598940822
6143136,109.91981410019042
6144137,258.9530405821636
6145138,258.8372161663156
6146139,113.00785983004064
6147140,112.5754192622079
6148141,104.05698812529609
6149142,248.04447781178294
6150143,263.03055659108435
6151144,259.5708570298965
6152145,274.8175419963453
6153146,186.95292009022697
6154147,186.0008773642075
6155148,156.18142318323746
6156149,264.4089526385526
6157150,238.26439203027593
6158151,259.6661179857663
6159152,280.35142596773085
6160153,262.9045192142627
6161154,268.4795148302637
6162155,202.68099902187456
6163156,249.47644866197672
6164157,257.12751419742057
6165158,232.87944863529805
6166159,271.33190326862297
6167160,218.3836377373964
6168161,199.38506078636553
6169162,239.68393888583276
6170163,217.1322304040446
6171164,276.61631295897865
6172165,54.33911493492867
6173166,262.99790411612344
6174167,262.14415909620857
6175168,81.09890393516866
6176169,270.57826002332445
6177170,268.09883112923416
6178171,265.6731686415999
6179172,254.294042941511
6180173,247.99656329390822
6181174,268.81517423491226
6182175,270.56811704505316
6183176,260.44817504307883
6184177,284.5191465889564
6185178,52.83713998238011
6186179,240.4481375444824
6187180,83.91906920682821
6188181,59.61809696478852
6189182,125.65397634654106
6190183,264.23004047936894
6191184,263.4029759269416
6192185,217.74500388060954
6193186,177.58999974902457
6194187,249.82508775036644
6195188,263.7787983548298
6196189,259.92653160077884
6197190,264.83212922050234
6198191,259.0772695288142
6199192,108.37797881073419
6200193,150.42506764757954
6201194,255.8983502069414
6202195,101.11865193455552
6203196,238.52787200011537
6204197,267.67498981877816
6205198,257.79792605078944
6206199,262.4300774198265
6207200,174.61669742310818
6208201,259.65482006836385
6209202,268.1240485176077
6210203,97.33421690978281
6211204,90.2967323778486
6212205,266.8029545797463
6213206,271.33320549282496
6214207,250.8081311398173
6215208,249.0357249192725
6216209,185.9101457083415
6217210,243.86663597242514
6218211,250.29839300645
6219212,195.492788289471
6220213,60.13072765603747
6221214,244.6053267256516
6222215,235.79391545796835
6223216,92.1805462076952
6224217,132.87693299971704
6225218,243.63251221051794
6226219,101.90787777184082
6227220,139.10814236565804
6228221,49.79023277429231
6229222,273.3861746816913
6230223,150.86888832012684
6231224,151.86396053608217
6232225,173.00850439994548
6233226,265.1627263539721
6234227,245.7067942959516
6235228,250.03050893668117
6236229,65.71581892707329
6237230,244.76106727734685
6238231,260.3187033559319
6239232,295.50777774669064
6240233,164.95554087080373
6241234,264.7223891523496
6242235,266.46486567148133
6243236,272.61418687853825
6244237,266.7235030210763
6245238,107.16873834577054
6246239,256.3685752149863
6247240,71.7242058292923
6248241,267.97903656017337
6249242,82.25492205683528
6250243,258.4711945489648
6251244,141.92534489570312
6252245,178.71111012841052
6253246,121.93574843371063
6254247,136.35496342698283
6255248,227.8593811042943
6256249,244.47020862961722
6257250,188.43355203060494
6258251,253.58254484248653
6259252,43.6097417800449
6260253,263.81858543277497
6261254,63.81619355565725
6262255,263.4394277686136
6263256,262.7366770178402
6264257,161.44086667974415
6265258,262.7067987106145
6266259,193.92318005729146
6267260,150.0295649870978
6268261,96.83765955022551
6269262,273.42121297446465
6270263,264.8779449094831
6271264,199.95021871837503
6272265,78.23165980249978
6273266,238.0850269841948
6274267,192.25373157320664
6275268,269.9318051804542
6276269,114.89440940861084
6277270,223.54567914285843
6278271,245.74479171856416
6279272,51.22006117163654
6280273,196.19926630145628
6281274,259.4360396016851
6282275,262.350206861549
6283276,35.71830102634827
6284277,267.6264386181423
6285278,208.09276503223586
6286279,238.04100951089626
6287280,258.4580714395149
6288281,253.91112043121518
6289282,262.4250397895824
6290283,267.7727112237861
6291284,72.51482514312474
6292285,92.9466279175156
6293286,76.93515336109375
6294287,222.81932693381148
6295288,266.6759893441778
6296289,259.2272993341879
6297290,244.41463242224268
6298291,260.7836405003274
6299292,86.19185516558966
6300293,278.6349986663223
6301294,280.6171108334217
6302295,277.1045158362171
6303296,207.61271571843034
6304297,241.86144734768743
6305298,238.45397955638362
6306299,250.65279223304665
6307300,246.50454465691718
6308301,53.57145233715326
6309302,261.44689025234885
6310303,273.0109287854945
6311304,273.08592595710945
6312305,254.8793526473225
6313306,275.3529871938416
6314307,116.54147722452971
6315308,245.93003462932097
6316309,174.75886298707695
6317310,260.5721219803796
6318311,168.76951544374364
6319312,253.6811684686073
6320313,225.42621609037116
6321314,129.4744116358258
6322315,230.09968664896513
6323316,249.02417535604732
6324317,260.1352892998545
6325318,260.4279360900989
6326319,144.03756611299372
6327320,220.38701756930865
6328321,83.93215802181923
6329322,240.68082610362723
6330323,130.82284626618875
6331324,238.25696145900346
6332325,104.89016242833885
6333326,208.5716578200356
6334327,262.36384181625755
6335328,103.4556784428531
6336329,268.2766646826812
6337330,221.1418921331684
6338331,236.73742433949184
6339332,73.7689434907536
6340333,256.60442667511427
6341334,245.81223940530668
6342335,266.4299307774257
6343336,134.7988493255151
6344337,55.08175283091283
6345338,239.8610474976908
6346339,110.3166815706762
6347340,249.0226985320693
6348341,199.3881584163145
6349342,89.95782436734221
6350343,256.5180464024853
6351344,246.7409171008558
6352345,243.31113417124732
6353346,261.8804414126197
6354347,247.41897376200035
6355348,103.02237580909309
6356349,284.2957127223655
6357350,240.97649296779522
6358351,255.9106223465755
6359352,240.14056104746118
6360353,254.49272956230791
6361354,208.46064276184998
6362355,150.11360645810197
6363356,259.75347866813365
6364357,246.44063420915768
6365358,245.93199451129055
6366359,273.1745234605195
6367360,237.29297704938654
6368361,209.9296509565399
6369362,155.70872633340164
6370363,240.80873684290694
6371364,175.2675058716694
6372365,231.76186698549077
6373366,62.95271381051906
6374367,51.12725435667724
6375368,208.98531594024712
6376369,269.33043441578536
6377370,236.30706960330286
6378371,228.47557969117932
6379372,189.8500624472216
6380373,42.709180537229564
6381374,66.10285769195414
6382375,254.29111393169754
6383376,198.50627067841026
6384377,139.440411267252
6385378,246.63121876365966
6386379,249.67128723967673
6387380,262.00435179424363
6388381,142.69761367892542
6389382,249.27810878539444
6390383,260.123610332371
6391384,282.5872731110791
6392385,236.5427645734768
6393386,243.44070143559557
6394387,186.88609836918855
6395388,286.0854076432535
6396389,256.7631999571175
6397390,257.5413441858862
6398391,267.797543086265
6399392,130.323303586346
6400393,102.66770646061813
6401394,242.84412559257868
6402395,185.12026145107762
6403396,253.54332391851617
6404397,230.54318552128964
6405398,263.16883223756906
6406399,223.36560143440775
6407400,64.77377213240409
6408401,137.56377474350558
6409402,265.33203087921186
6410403,268.1796345892495
6411404,273.3843621621532
6412405,141.67606284469264
6413406,238.62168986307464
6414407,269.57540714345674
6415408,250.03690966358388
6416409,233.83735635248908
6417410,47.84102163045465
6418411,265.0757947601989
6419412,285.97166422229924
6420413,253.90728260437086
6421414,275.4991988088282
6422415,161.95404345948654
6423416,265.87030029318606
6424417,152.02909096019408
6425418,238.63143536326766
6426419,144.11002939368865
6427420,80.7793001892185
6428421,268.24921495098965
6429422,248.3180206558901
6430423,261.2762586415611
6431424,246.04892465454353
6432425,113.30083406437282
6433426,255.44215591600877
6434427,154.74273645931996
6435428,145.373806873552
6436429,240.44554619893682
6437430,246.75678750045745
6438431,191.53963738248476
6439432,265.09089918947194
6440433,249.31905741711904
6441434,258.8251073479425
6442435,278.1086722807299
6443436,146.60991555676108
6444437,203.5897640744553
6445438,72.45055334066222
6446439,121.2151485930716
6447440,142.3114351370468
6448441,191.23378242838132
6449442,249.81993491433158
6450443,257.0852020030167
6451444,242.98192452644432
6452445,197.00187363952892
6453446,261.2187492895868
6454447,57.212438167929584
6455448,247.62060695456944
6456449,174.6538937752107
6457450,257.84353515192504
6458451,205.32024641404882
6459452,275.7110547082632
6460453,198.66233482780504
6461454,265.9445411997465
6462455,184.24484359884866
6463456,219.96194696482834
6464457,258.3363057983087
6465458,58.55483277209764
6466459,213.18933882798837
6467460,49.79786473687557
6468461,128.90370562762263
6469462,96.68458325311552
6470463,237.03972677440677
6471464,216.0165962164155
6472465,255.35082201847246
6473466,190.51819733792723
6474467,255.09926970997728
6475468,273.86298787868196
6476469,266.849478798679
6477470,259.43492595695415
6478471,135.53015963436016
6479472,259.8095790737149
6480473,57.06462444773972
6481474,261.2839450929428
6482475,141.7032296518887
6483476,280.30775799384895
6484477,223.472834576817
6485478,243.36029115714277
6486479,117.32495648202033
6487480,221.64775005625285
6488481,246.44218826691548
6489482,258.7253033449573
6490483,246.3372030552203
6491484,283.2579346494366
6492485,270.75167840006367
6493486,84.77301739504402
6494487,274.6685869809681
6495488,252.15066997544565
6496489,253.8247441336473
6497490,250.06545902302074
6498491,110.38105914091848
6499492,174.00443447053422
6500493,246.2735923993803
6501494,223.89281999406455
6502495,255.62625268647295
6503496,158.15325839289505
6504497,244.83065728787508
6505498,100.7901603111721
6506499,261.7947526013187
6507500,229.4986399208166
6508501,255.4352309108313
6509502,70.60768998925867
6510503,256.8089398041962
6511504,57.104918694591845
6512505,78.05027852068245
6513506,258.1114485215804
6514507,205.1401936608374
6515508,72.90213184519865
6516509,62.09336508251866
6517510,272.3254306734693
6518511,252.5440172802228
6519512,235.51180729573954
6520513,254.10760151395877
6521514,188.8058266457129
6522515,204.0974666745956
6523516,204.23174540514572
6524517,222.447032673661
6525518,264.6474756063367
6526519,224.3857583208552
6527520,164.72180731775546
6528521,144.1326729552334
6529522,219.64346972989475
6530523,222.72263219670165
6531524,257.896423460578
6532525,256.82417722241456
6533526,61.626938023547915
6534527,83.40891973949726
6535528,255.00047493978167
6536529,209.01818261664863
6537530,84.50639062205285
6538531,260.79759419895277
6539532,269.8927790131738
6540533,263.4818115836967
6541534,267.5077815519444
6542535,281.20680037674776
6543536,40.88502026559263
6544537,238.63798892113005
6545538,265.38902389748995
6546539,248.29384103708603
6547540,236.34131598547268
6548541,138.32242574197798
6549542,143.6891730512472
6550543,217.45578826406685
6551544,246.98163843958818
6552545,255.89991696807976
6553546,254.71909746863605
6554547,261.89904235045816
6555548,225.64945648941026
6556549,239.72690067992374
6557550,209.21589513691916
6558551,267.8667537520134
6559552,251.87147533702236
6560553,271.6196446238827
6561554,264.6548810002945
6562555,259.66785594094364
6563556,151.7946413804245
6564557,241.80077807474936
6565558,273.04278840537967
6566559,241.93598521398587
6567560,139.79768148464325
6568561,282.80385030609176
6569562,258.5187958715599
6570563,261.74865225514225
6571564,90.62190926539587
6572565,269.20600602767297
6573566,276.060794741198
6574567,269.992418635736
6575568,267.827248910726
6576569,67.73823731916589
6577570,214.0716816234534
6578571,202.30646604912275
6579572,262.11498414709007
6580573,276.2214681268874
6581574,257.3839480452853
6582575,268.7616682935125
6583576,246.82558916680986
6584577,247.79774069998896
6585578,269.235457739917
6586579,59.57455817110347
6587580,256.1945945738064
6588581,258.3071174661451
6589582,259.8022330482556
6590583,252.8780407453293
6591584,256.82292736308136
6592585,217.34421265640123
6593586,278.54500005844244
6594587,233.20047748159845
6595588,42.22800708161041
6596589,237.62696469559927
6597590,52.11774508401335
6598591,252.9295795113696
6599592,253.45643054056387
6600593,269.0068867347074
6601594,277.7815707161197
6602595,279.76754757432315
6603596,261.7625208446065
6604597,100.7585232352652
6605598,161.8504782125571
6606599,57.78626943312457
6607600,131.61160251650173
6608601,84.32432106883333
6609602,271.8325306696368
6610603,212.0650299312939
