timestep,episodic_return
1000,0.0
2001,11.534517656321066
3002,0.0
4003,0.0
5004,0.0
6005,0.0
7006,0.0
8007,0.0
9008,0.0
10009,0.0
11010,0.0
12011,10.670480825865152
13012,7.282344890161445
14013,0.0
15014,0.0
16015,0.0
17016,0.0
18017,0.0
19018,0.0
20019,0.0
21020,0.0
22021,0.0
23022,0.0
24023,0.0
25024,0.0
26025,10.753793456369742
27026,0.0
28027,0.0
29028,11.351901251318418
30029,0.0
31030,25.095392993825985
32031,0.0
33032,0.0
34033,15.014797377585095
35034,5.2599083166449825
36035,0.0
37036,0.0
38037,0.0
39038,0.0
40039,0.0
41040,0.0
42041,0.0
43042,0.0
44043,33.80334169369023
45044,0.0
46045,0.0
47046,0.0
48047,0.0
49048,0.0
50049,0.0
51050,0.0
52051,0.0
53052,0.0
54053,0.0
55054,0.0
56055,9.759667111845252
57056,0.0
58057,0.0
59058,0.0
60059,0.0
61060,20.61799729463516
62061,0.0
63062,0.0
64063,0.0
65064,19.050271859781294
66065,48.506801932927324
67066,13.038725149257516
68067,10.947584786250248
69068,0.0
70069,0.0
71070,11.918348582105297
72071,0.0
73072,0.0
74073,0.0
75074,0.0
76075,0.0
77076,0.0
78077,0.0
79078,0.0
80079,0.0
81080,0.0
82081,22.619568283511178
83082,0.0
84083,0.0
85084,0.0
86085,0.0
87086,19.729022762992056
88087,4.150177036025761
89088,0.0
90089,8.674161567265347
91090,0.0
92091,8.667397300377358
93092,0.0
94093,0.0
95094,0.0
96095,0.0
97096,14.787757762369665
98097,0.0
99098,0.0
100099,0.0
101100,28.845433559753292
102101,0.0
103102,2.6522064439510307
104103,11.27909009614469
105104,0.0
106105,0.0
107106,0.0
108107,0.0
109108,0.0
110109,0.0
111110,0.0
112111,0.0
113112,0.0
114113,0.0
115114,0.0
116115,0.0
117116,0.0
118117,0.0
119118,0.0
120119,0.0
121120,0.0
122121,0.0
123122,0.0
124123,0.0
125124,0.0
126125,0.0
127126,5.086851598072964
128127,0.0
129128,0.0
130129,0.0
131130,0.0
132131,10.989364472727685
133132,0.0
134133,0.0
135134,0.0
136135,0.0
137136,3.53175204515878
138137,0.0
139138,0.0
140139,0.0
141140,0.0
142141,0.0
143142,0.0
144143,0.0
145144,0.0
146145,0.0
147146,0.0
148147,5.048833446823114
149148,0.0
150149,0.0
151150,6.907916311317244
152151,0.0
153152,9.754092568845786
154153,0.0
155154,0.0
156155,5.154102777720897
157156,0.0
158157,0.0
159158,5.976735356984417
160159,0.0
161160,0.0
162161,0.0
163162,0.0
164163,0.0
165164,6.729881364159245
166165,5.9916583065154825
167166,0.0
168167,0.0
169168,12.487168081213401
170169,0.0
171170,7.826624658592871
172171,0.0
173172,0.0
174173,0.0
175174,0.0
176175,0.0
177176,0.0
178177,0.0
179178,0.0
180179,0.0
181180,0.0
182181,0.0
183182,0.0
184183,0.0
185184,17.865391061747502
186185,0.0
187186,0.0
188187,2.5390284928433005
189188,0.0
190189,0.0
191190,0.0
192191,0.0
193192,0.0
194193,6.814134385913248
195194,0.0
196195,0.0
197196,0.0
198197,3.370380078078509
199198,0.0
200199,0.0
201200,0.0
202201,0.0
203202,5.995141116817839
204203,0.0
205204,0.0
206205,0.0
207206,8.458259424614162
208207,0.0
209208,0.0
210209,0.0
211210,3.4089879203001345
212211,0.0
213212,0.0
214213,0.0
215214,0.0
216215,4.1179454192271185
217216,0.0
218217,0.0
219218,7.600887104284622
220219,0.0
221220,0.0
222221,0.8952066524281335
223222,2.583866281291636
224223,5.72759775937442
225224,2.465049314524503
226225,0.0
227226,0.0
228227,0.0
229228,0.0
230229,0.0
231230,0.0
232231,0.0
233232,2.5989795276633223
234233,0.0
235234,0.0
236235,20.04704766717082
237236,0.0
238237,0.0
239238,0.0
240239,0.0
241240,0.0
242241,0.0
243242,0.0
244243,0.0
245244,0.0
246245,0.0
247246,2.464087962881842
248247,0.0
249248,0.0
250249,0.0
251250,0.0
252251,0.0
253252,0.0
254253,8.835136403392717
255254,0.0
256255,0.0
257256,0.0
258257,0.0
259258,12.254900303588466
260259,0.0
261260,0.0
262261,3.5106842631866555
263262,0.0
264263,0.0
265264,0.0
266265,0.0
267266,0.0
268267,0.0
269268,0.0
270269,6.615170413201998
271270,0.0
272271,3.2254392812779313
273272,0.0
274273,0.0
275274,0.0
276275,0.0
277276,0.0
278277,0.0
279278,10.827631315780183
280279,0.0
281280,5.75567997320819
282281,0.0
283282,10.337932100594298
284283,0.0
285284,0.0
286285,3.2459128639591563
287286,0.0
288287,0.0
289288,0.0
290289,0.0
291290,0.0
292291,0.0
293292,0.0
294293,0.0
295294,4.91976879874578
296295,0.0
297296,0.0
298297,3.2800509894955567
299298,0.0
300299,0.0
301300,0.0
302301,0.0
303302,3.2828298331290737
304303,0.0
305304,0.0
306305,0.0
307306,0.0
308307,0.0
309308,16.015296699103395
310309,0.0
311310,0.0
312311,0.0
313312,0.0
314313,5.875853906317293
315314,0.0
316315,0.0
317316,0.0
318317,0.0
319318,12.79591898466732
320319,6.618879637690758
321320,0.0
322321,0.0
323322,0.0
324323,0.0
325324,0.0
326325,0.0
327326,0.0
328327,0.0
329328,0.0
330329,0.0
331330,0.0
332331,0.0
333332,0.0
334333,0.0
335334,0.0
336335,0.0
337336,0.0
338337,5.903372539940841
339338,0.0
340339,0.0
341340,4.164757840651979
342341,0.0
343342,5.878031728736538
344343,0.0
345344,2.48439357158756
346345,0.0
347346,0.0
348347,0.0
349348,4.2641072108120674
350349,4.131185317849284
351350,25.41205677194454
352351,0.0
353352,0.0
354353,0.0
355354,0.0
356355,0.0
357356,0.0
358357,0.0
359358,0.0
360359,0.8071983743492609
361360,4.922119095873725
362361,0.0
363362,0.0
364363,0.0
365364,0.0
366365,2.4665605693745167
367366,0.0
368367,0.0
369368,0.0
370369,0.0
371370,0.0
372371,5.822479992889639
373372,5.799180356553841
374373,0.0
375374,0.0
376375,0.0
377376,0.0
378377,0.0
379378,0.0
380379,0.0
381380,1.6
382381,0.0
383382,0.0
384383,2.4707220581962672
385384,0.0
386385,0.0
387386,0.0
388387,6.6544270570120245
389388,0.0
390389,0.0
391390,0.0
392391,3.355252516235905
393392,0.0
394393,0.0
395394,0.0
396395,0.0
397396,0.0
398397,0.0
399398,0.0
400399,0.0
401400,0.0
402401,0.0
403402,0.0
404403,0.0
405404,0.0
406405,0.0
407406,0.0
408407,0.0
409408,0.0
410409,0.0
411410,0.0
412411,0.8840463573895854
413412,0.0
414413,0.0
415414,0.0
416415,0.0
417416,0.0
418417,0.0
419418,0.0
420419,0.0
421420,0.0
422421,0.0
423422,0.0
424423,0.8498523245875867
425424,2.5675075459717878
426425,0.0
427426,0.0
428427,0.0
429428,6.959661332106236
430429,0.0
431430,0.0
432431,0.0
433432,0.0
434433,0.0
435434,0.0
436435,8.817681779091222
437436,0.0
438437,0.0
439438,0.0
440439,0.0
441440,0.0
442441,0.0
443442,4.260395994942837
444443,0.0
445444,0.0
446445,0.0
447446,0.0
448447,21.59748643327271
449448,0.0
450449,0.0
451450,0.0
452451,0.0
453452,0.0
454453,0.0
455454,0.0
456455,0.0
457456,0.0
458457,0.0
459458,0.0
460459,2.5415757295048924
461460,0.0
462461,0.0
463462,0.0
464463,0.0
465464,0.0
466465,0.0
467466,0.0
468467,2.595921072051893
469468,0.0
470469,0.0
471470,0.0
472471,0.0
473472,0.0
474473,0.0
475474,0.0
476475,0.0
477476,20.022668649942414
478477,0.0
479478,0.0
480479,0.0
481480,0.0
482481,0.0
483482,5.222679290383404
484483,0.0
485484,3.53208063126033
486485,0.0
487486,0.0
488487,0.0
489488,0.0
490489,0.0
491490,0.0
492491,0.0
493492,0.0
494493,0.0
495494,5.300537391202274
496495,0.0
497496,0.0
498497,14.091101802047866
499498,6.132925098087826
500499,0.0
501500,3.632133467604998
502501,0.0
503502,0.0
504503,0.0
505504,0.0
506505,0.0
507506,0.0
508507,0.0
509508,0.0
510509,0.0
511510,0.0
512511,0.0
513512,0.0
514513,5.224317015579587
515514,0.0
516515,5.197955356732185
517516,0.0
518517,3.3194838311921826
519518,11.537090987981463
520519,6.065167189723512
521520,0.0
522521,0.0
523522,0.0
524523,0.0
525524,0.0
526525,0.0
527526,2.5893497850736846
528527,0.0
529528,0.0
530529,0.0
531530,0.0
532531,9.845507468796544
533532,0.0
534533,0.0
535534,0.0
536535,0.0
537536,2.690079797758356
538537,0.0
539538,0.0
540539,6.14104931977831
541540,0.0
542541,0.0
543542,0.0
544543,0.0
545544,0.0
546545,0.0
547546,4.334344876271732
548547,6.105839570665411
549548,0.0
550549,9.766966999021367
551550,0.0
552551,0.0
553552,0.0
554553,0.0
555554,0.0
556555,0.0
557556,6.1261376453822916
558557,0.0
559558,0.0
560559,0.0
561560,0.0
562561,10.728839538198523
563562,0.0
564563,0.0
565564,0.0
566565,7.0132375992658655
567566,0.0
568567,0.0
569568,0.0
570569,0.0
571570,7.945227631120651
572571,0.0
573572,0.0
574573,0.0
575574,0.0
576575,13.1966030393919
577576,0.0
578577,0.0
579578,0.0
580579,3.4697556115004238
581580,0.0
582581,0.0
583582,0.0
584583,0.0
585584,0.0
586585,0.0
587586,0.0
588587,0.0
589588,0.0
590589,2.6172636082840812
591590,0.0
592591,0.0
593592,0.0
594593,0.0
595594,0.0
596595,12.674575725393991
597596,7.870533590899023
598597,4.469357546330415
599598,4.330491903165134
600599,0.0
601600,0.0
602601,0.0
603602,0.0
604603,0.0
605604,0.0
606605,4.383324850309549
607606,0.0
608607,5.266177766245658
609608,3.438064780282455
610609,0.0
611610,0.0
612611,0.0
613612,0.0
614613,3.4380443955223523
615614,0.0
616615,24.86277691797378
617616,0.0
618617,0.0
619618,0.0
620619,0.0
621620,0.0
622621,0.0
623622,0.0
624623,0.0
625624,0.0
626625,0.0
627626,0.0
628627,7.7893949118000725
629628,0.0
630629,0.0
631630,0.0
632631,0.0
633632,6.11060150981347
634633,0.0
635634,0.0
636635,0.0
637636,0.0
638637,0.0
639638,0.0
640639,0.0
641640,0.0
642641,0.0
643642,6.9784413743358344
644643,0.0
645644,4.244456680210962
646645,5.203395609945688
647646,0.0
648647,0.0
649648,0.0
650649,0.0
651650,0.0
652651,0.0
653652,0.0
654653,0.0
655654,5.15695507597304
656655,4.29140617544975
657656,0.0
658657,0.0
659658,0.0
660659,0.0
661660,0.0
662661,0.0
663662,0.0
664663,0.0
665664,0.0
666665,0.0
667666,0.0
668667,0.0
669668,0.0
670669,0.0
671670,0.0
672671,0.0
673672,3.410212438574773
674673,1.696994364902068
675674,0.0
676675,0.0
677676,4.08772504869524
678677,0.0
679678,0.0
680679,0.0
681680,0.0
682681,0.0
683682,0.0
684683,0.0
685684,0.0
686685,0.0
687686,0.0
688687,0.0
689688,0.0
690689,4.458046625113848
691690,0.0
692691,6.13610638586782
693692,15.08772826945732
694693,6.1758532190370286
695694,0.0
696695,4.356738037779544
697696,0.0
698697,0.0
699698,0.0
700699,0.0
701700,0.0
702701,0.0
703702,0.0
704703,0.0
705704,0.0
706705,0.0
707706,2.6308089059420006
708707,0.0
709708,4.313697672932098
710709,5.170033698124981
711710,6.992312496221362
712711,0.0
713712,0.0
714713,0.0
715714,4.356688045682877
716715,0.0
717716,0.0
718717,0.0
719718,0.0
720719,0.0
721720,0.0
722721,0.0
723722,6.902616759319602
724723,17.965007460447804
725724,0.0
726725,0.0
727726,0.0
728727,0.0
729728,0.0
730729,0.0
731730,0.0
732731,0.0
733732,0.0
734733,0.0
735734,0.0
736735,0.0
737736,0.0
738737,0.0
739738,0.0
740739,0.0
741740,3.4776252230428115
742741,6.972700824633423
743742,12.28697082685639
744743,0.0
745744,0.0
746745,0.0
747746,9.690860822559898
748747,0.0
749748,0.0
750749,0.0
751750,0.0
752751,0.0
753752,0.0
754753,0.0
755754,0.0
756755,4.348153373859597
757756,0.0
758757,0.0
759758,5.263273384997374
760759,5.3166609440673085
761760,0.0
762761,0.0
763762,0.0
764763,0.0
765764,0.0
766765,0.0
767766,22.891909412793968
768767,0.0
769768,0.0
770769,0.0
771770,5.264760681110262
772771,0.0
773772,0.0
774773,0.0
775774,6.171585629556566
776775,0.0
777776,0.0
778777,0.0
779778,0.0
780779,0.0
781780,0.0
782781,0.0
783782,0.0
784783,0.0
785784,0.0
786785,0.0
787786,0.0
788787,0.0
789788,0.0
790789,0.0
791790,0.0
792791,0.0
793792,0.0
794793,0.0
795794,0.0
796795,0.0
797796,0.0
798797,0.0
799798,0.0
800799,5.118102120202835
801800,0.0
802801,0.0
803802,0.0
804803,0.0
805804,4.2640743990083765
806805,0.0
807806,0.0
808807,0.0
809808,0.0
810809,0.0
811810,0.0
812811,0.0
813812,0.0
814813,20.31282402275117
815814,0.0
816815,0.0
817816,0.0
818817,0.0
819818,0.0
820819,0.0
821820,0.0
822821,2.4716828913081947
823822,0.0
824823,0.0
825824,0.0
826825,0.0
827826,0.0
828827,20.798538603334755
829828,3.296665871873103
830829,4.961837648537255
831830,6.1098185733711174
832831,7.043639133021806
833832,0.0
834833,0.0
835834,0.0
836835,0.0
837836,5.783343086740127
838837,0.0
839838,0.0
840839,0.0
841840,0.0
842841,0.0
843842,5.788650524367862
844843,0.0
845844,0.0
846845,0.0
847846,0.0
848847,0.0
849848,4.32841262872453
850849,0.0
851850,3.427712483732703
852851,0.0
853852,0.0
854853,4.340100734101646
855854,0.0
856855,0.0
857856,5.735229534923576
858857,0.0
859858,0.0
860859,0.0
861860,0.0
862861,0.0
863862,6.549327221033298
864863,0.0
865864,0.0
866865,5.1751545354692485
867866,0.0
868867,0.0
869868,0.0
870869,1.6102625611080015
871870,0.0
872871,0.0
873872,0.0
874873,0.0
875874,0.0
876875,0.0
877876,6.091593145599434
878877,16.179668618757294
879878,0.0
880879,4.332785836343891
881880,0.0
882881,0.0
883882,0.0
884883,0.0
885884,0.0
886885,0.0
887886,4.304778544942753
888887,0.0
889888,6.000842187159022
890889,0.0
891890,6.870373108298296
892891,0.0
893892,0.0
894893,0.0
895894,0.0
896895,4.31879467806608
897896,0.0
898897,0.0
899898,0.0
900899,0.0
901900,0.0
902901,0.0
903902,0.0
904903,0.0
905904,0.0
906905,0.0
907906,0.0
908907,0.0
909908,4.105267941334381
910909,0.0
911910,0.0
912911,0.0
913912,0.0
914913,0.0
915914,0.0
916915,6.8046804084053925
917916,0.0
918917,0.0
919918,9.594040207901397
920919,17.235280841078712
921920,0.0
922921,0.0
923922,0.0
924923,0.0
925924,0.0
926925,0.0
927926,2.5303791048255553
928927,0.0
929928,0.0
930929,0.0
931930,0.0
932931,0.0
933932,0.0
934933,0.0
935934,0.0
936935,0.0
937936,0.0
938937,0.0
939938,6.737923859199312
940939,0.0
941940,4.1485761046125305
942941,0.0
943942,0.0
944943,0.0
945944,0.0
946945,0.0
947946,0.0
948947,0.0
949948,0.0
950949,0.0
951950,0.0
952951,0.0
953952,0.0
954953,0.0
955954,0.0
956955,0.0
957956,0.0
958957,0.0
959958,0.0
960959,0.0
961960,0.0
962961,5.06183063222826
963962,0.0
964963,0.0
965964,0.0
966965,6.742569410911328
967966,0.0
968967,0.0
969968,0.0
970969,0.0
971970,0.0
972971,0.0
973972,0.0
974973,0.0
975974,0.0
976975,0.0
977976,0.0
978977,0.0
979978,0.0
980979,0.0
981980,2.573598699763372
982981,0.0
983982,0.0
984983,0.0
985984,0.0
986985,0.0
987986,0.0
988987,0.0
989988,0.0
990989,2.543945054782552
991990,0.0
992991,0.0
993992,4.182179085224156
994993,0.0
995994,0.0
996995,0.0
997996,0.0
998997,0.0
999998,0.0
1000999,0.0
1002000,0.0
1003001,0.0
1004002,0.0
1005003,0.0
1006004,3.3151204576701545
1007005,0.0
1008006,0.0
1009007,0.0
1010008,0.0
1011009,0.0
1012010,0.0
1013011,0.0
1014012,0.0
1015013,0.0
1016014,0.0
1017015,0.0
1018016,3.2732945663452027
1019017,4.919184757126964
1020018,0.0
1021019,0.0
1022020,0.0
1023021,0.0
1024022,0.0
1025023,0.0
1026024,6.679772971711932
1027025,0.0
1028026,0.0
1029027,0.0
1030028,4.1764651932235815
1031029,0.0
1032030,0.0
1033031,0.0
1034032,1.6725289173255247
1035033,5.897717308522966
1036034,5.851620114014697
1037035,0.0
1038036,0.0
1039037,0.0
1040038,0.0
1041039,0.0
1042040,0.0
1043041,0.0
1044042,0.0
1045043,4.188811213560139
1046044,5.017713146791204
1047045,0.0
1048046,0.0
1049047,0.0
1050048,0.0
1051049,0.0
1052050,0.0
1053051,0.0
1054052,0.0
1055053,0.0
1056054,0.0
1057055,0.0
1058056,0.0
1059057,0.0
1060058,0.0
1061059,0.0
1062060,0.0
1063061,0.0
1064062,0.0
1065063,0.0
1066064,0.0
1067065,0.0
1068066,4.118020578889382
1069067,0.0
1070068,0.0
1071069,0.0
1072070,0.0
1073071,8.552311320412864
1074072,0.0
1075073,0.8380892959374642
1076074,0.0
1077075,2.4431152236371707
1078076,0.0
1079077,0.0
1080078,0.0
1081079,0.0
1082080,0.0
1083081,0.0
1084082,0.0
1085083,21.44243414569206
1086084,0.0
1087085,5.700618658725766
1088086,0.0
1089087,0.0
1090088,0.0
1091089,0.0
1092090,0.83874908479537
1093091,0.0
1094092,0.0
1095093,0.0
1096094,0.0
1097095,0.0
1098096,0.0
1099097,0.0
1100098,0.0
1101099,4.128514425075167
1102100,0.0
1103101,0.0
1104102,4.168022306237703
1105103,0.0
1106104,0.0
1107105,2.4531907637225228
1108106,0.0
1109107,0.0
1110108,0.0
1111109,0.0
1112110,0.0
1113111,0.0
1114112,0.0
1115113,0.0
1116114,0.0
1117115,0.0
1118116,0.8205492107443233
1119117,0.0
1120118,0.0
1121119,0.0
1122120,0.0
1123121,0.0
1124122,0.0
1125123,0.0
1126124,17.383721155373134
1127125,0.0
1128126,3.3248818709405725
1129127,0.0
1130128,0.0
1131129,0.0
1132130,0.0
1133131,0.0
1134132,2.4074423948191424
1135133,0.0
1136134,0.0
1137135,0.0
1138136,0.0
1139137,3.290263398114636
1140138,0.0
1141139,0.0
1142140,0.0
1143141,0.0
1144142,0.0
1145143,0.0
1146144,0.0
1147145,3.221566369970303
1148146,0.0
1149147,0.0
1150148,12.05681953970236
1151149,0.0
1152150,0.0
1153151,0.0
1154152,0.0
1155153,0.0
1156154,22.186265836717613
1157155,7.502958950459041
1158156,0.0
1159157,0.0
1160158,0.0
1161159,0.0
1162160,0.0
1163161,0.0
1164162,0.0
1165163,0.0
1166164,2.4488758612920334
1167165,0.0
1168166,3.313216716875824
1169167,0.0
1170168,3.3297747128760644
1171169,0.0
1172170,0.0
1173171,0.0
1174172,0.0
1175173,0.0
1176174,0.0
1177175,0.0
1178176,0.0
1179177,0.0
1180178,0.0
1181179,0.0
1182180,6.810974037201036
1183181,0.0
1184182,5.013642005096512
1185183,0.0
1186184,1.6
1187185,0.0
1188186,0.0
1189187,0.0
1190188,4.918588145855173
1191189,0.0
1192190,0.0
1193191,3.323730145331699
1194192,0.0
1195193,0.0
1196194,0.0
1197195,6.583849869530302
1198196,0.0
1199197,0.0
1200198,0.0
1201199,4.034659854862161
1202200,0.0
1203201,0.0
1204202,0.0
1205203,0.0
1206204,2.415315245540884
1207205,7.4545555045091225
1208206,1.6
1209207,0.0
1210208,4.041401953063876
1211209,5.804246824802666
1212210,0.0
1213211,0.0
1214212,0.0
1215213,0.0
1216214,0.0
1217215,0.0
1218216,0.0
1219217,0.0
1220218,4.979944167480586
1221219,0.0
1222220,0.0
1223221,0.0
1224222,0.0
1225223,0.0
1226224,0.0
1227225,20.677508595120166
1228226,0.0
1229227,0.0
1230228,0.0
1231229,0.0
1232230,0.0
1233231,0.0
1234232,0.0
1235233,0.0
1236234,0.0
1237235,0.0
1238236,0.0
1239237,0.0
1240238,2.5356181612108304
1241239,0.0
1242240,0.0
1243241,0.0
1244242,0.0
1245243,0.0
1246244,0.0
1247245,3.2111670044932183
1248246,0.0
1249247,0.0
1250248,4.970954610220221
1251249,0.0
1252250,0.0
1253251,0.0
1254252,0.0
1255253,0.0
1256254,4.885297321011606
1257255,0.0
1258256,0.0
1259257,0.0
1260258,0.0
1261259,6.5546802702587845
1262260,0.0
1263261,0.0
1264262,0.0
1265263,0.0
1266264,0.0
1267265,0.0
1268266,0.0
1269267,0.8011887683962862
1270268,0.0
1271269,3.2747490609005654
1272270,0.0
1273271,0.0
1274272,0.0
1275273,0.0
1276274,0.0
1277275,7.693274867340945
1278276,0.0
1279277,0.0
1280278,0.0
1281279,0.0
1282280,0.0
1283281,0.0
1284282,1.617002925151066
1285283,0.0
1286284,0.0
1287285,3.281490861698445
1288286,0.0
1289287,7.630784028842872
1290288,0.0
1291289,0.0
1292290,0.0
1293291,0.0
1294292,0.0
1295293,0.0
1296294,0.0
1297295,0.0
1298296,0.0
1299297,0.0
1300298,0.0
1301299,0.0
1302300,0.0
1303301,0.0
1304302,0.0
1305303,0.0
1306304,0.0
1307305,0.0
1308306,0.0
1309307,0.0
1310308,0.0
1311309,0.0
1312310,0.0
1313311,0.0
1314312,0.0
1315313,5.777310692417972
1316314,0.0
1317315,3.285014666606139
1318316,0.0
1319317,13.755816141354098
1320318,0.0
1321319,0.8042847273823298
1322320,0.0
1323321,0.0
1324322,0.0
1325323,3.244939636806979
1326324,0.0
1327325,0.0
1328326,0.0
1329327,3.223188434218777
1330328,0.0
1331329,0.0
1332330,0.0
1333331,0.0
1334332,0.0
1335333,4.891213896760059
1336334,0.0
1337335,0.0
1338336,0.0
1339337,0.0
1340338,0.0
1341339,0.0
1342340,0.0
1343341,0.0
1344342,0.0
1345343,0.0
1346344,0.0
1347345,3.2066741745414644
1348346,14.472486560653099
1349347,0.0
1350348,0.0
1351349,0.0
1352350,0.0
1353351,0.0
1354352,0.0
1355353,0.0
1356354,0.0
1357355,0.0
1358356,4.882987699614375
1359357,3.2251481186830575
1360358,0.0
1361359,0.0
1362360,0.0
1363361,0.0
1364362,0.0
1365363,4.0439951482271645
1366364,0.0
1367365,0.0
1368366,7.9434057308575525
1369367,0.0
1370368,0.0
1371369,0.0
1372370,0.0
1373371,0.0
1374372,0.0
1375373,0.0
1376374,0.0
1377375,0.0
1378376,0.0
1379377,5.757625388379755
1380378,0.0
1381379,0.0
1382380,0.0
1383381,0.0
1384382,0.0
1385383,0.0
1386384,4.0
1387385,0.0
1388386,3.2791876587044184
1389387,0.0
1390388,0.0
1391389,0.0
1392390,0.0
1393391,0.0
1394392,0.0
1395393,0.0
1396394,0.0
1397395,6.626507012350415
1398396,4.82574856761116
1399397,0.0
1400398,11.40612532845603
1401399,0.0
1402400,0.0
1403401,0.0
1404402,0.0
1405403,0.0
1406404,0.0
1407405,3.5202015187136597
1408406,3.2196845555806135
1409407,0.0
1410408,0.0
1411409,0.0
1412410,0.0
1413411,0.0
1414412,0.0
1415413,0.0
1416414,0.0
1417415,0.0
1418416,0.0
1419417,0.0
1420418,0.0
1421419,0.0
1422420,0.0
1423421,0.0
1424422,0.0
1425423,0.0
1426424,0.0
1427425,5.630131235845453
1428426,0.0
1429427,0.0
1430428,0.0
1431429,16.333275283105685
1432430,0.0
1433431,0.0
1434432,5.771950269776064
1435433,0.0
1436434,0.0
1437435,2.489813247265177
1438436,0.0
1439437,0.0
1440438,0.0
1441439,0.0
1442440,0.0
1443441,0.0
1444442,0.0
1445443,0.0
1446444,0.0
1447445,0.0
1448446,0.0
1449447,0.0
1450448,0.0
1451449,0.0
1452450,0.0
1453451,0.0
1454452,0.0
1455453,0.0
1456454,0.0
1457455,0.0
1458456,0.0
1459457,0.0
1460458,0.0
1461459,0.0
1462460,0.0
1463461,0.0
1464462,0.0
1465463,0.0
1466464,4.913750401673545
1467465,4.056080909075557
1468466,0.0
1469467,0.0
1470468,0.0
1471469,0.0
1472470,0.0
1473471,0.0
1474472,0.0
1475473,0.0
1476474,0.0
1477475,0.0
1478476,0.0
1479477,0.0
1480478,0.0
1481479,0.0
1482480,4.0167144575481615
1483481,0.0
1484482,0.0
1485483,0.0
1486484,0.0
1487485,0.0
1488486,0.0
1489487,0.0
1490488,7.5143661796148615
1491489,2.4000000000000004
1492490,0.0
1493491,4.190012669576233
1494492,0.0
1495493,0.0
1496494,4.973524611283902
1497495,0.0
1498496,0.0
1499497,0.0
1500498,0.0
1501499,0.0
1502500,5.793261036009193
1503501,0.0
1504502,0.0
1505503,0.0
1506504,0.0
1507505,0.0
1508506,0.0
1509507,4.838498467302207
1510508,0.0
1511509,0.0
1512510,7.554940876464027
1513511,0.0
1514512,0.0
1515513,0.0
1516514,0.0
1517515,0.0
1518516,0.0
1519517,0.0
1520518,0.0
1521519,18.50927531629979
1522520,4.93740198534575
1523521,0.0
1524522,0.0
1525523,2.6196824613379226
1526524,0.0
1527525,3.2
1528526,2.4000000000000004
1529527,0.0
1530528,0.0
1531529,0.0
1532530,0.0
1533531,0.0
1534532,0.0
1535533,0.0
1536534,0.0
1537535,0.0
1538536,0.0
1539537,7.100254900578022
1540538,0.0
1541539,6.532103154471304
1542540,0.0
1543541,0.0
1544542,0.0
1545543,0.0
1546544,0.0
1547545,0.0
1548546,0.0
1549547,0.0
1550548,9.865772238040957
1551549,0.0
1552550,6.5889185625779
1553551,0.0
1554552,0.0
1555553,0.0
1556554,0.0
1557555,4.8
1558556,4.033828055782092
1559557,0.0
1560558,16.35905841369856
1561559,2.4000000000000004
1562560,0.0
1563561,0.0
1564562,0.0
1565563,0.0
1566564,0.0
1567565,7.36362545838763
1568566,0.0
1569567,0.0
1570568,7.488700254361467
1571569,0.0
1572570,0.0
1573571,0.0
1574572,0.0
1575573,0.0
1576574,0.0
1577575,0.0
1578576,5.693311051705984
1579577,0.0
1580578,0.0
1581579,0.0
1582580,0.0
1583581,0.0
1584582,5.745015448075659
1585583,0.0
1586584,0.0
1587585,0.0
1588586,0.0
1589587,0.0
1590588,1.6
1591589,0.0
1592590,4.036837002192956
1593591,0.0
1594592,12.881244883194945
1595593,0.0
1596594,4.176257800540112
1597595,5.777937828022925
1598596,0.0
1599597,15.492324818214618
1600598,0.0
1601599,0.0
1602600,0.0
1603601,4.066104059192425
1604602,0.0
1605603,0.0
1606604,0.0
1607605,15.43453788588112
1608606,0.0
1609607,0.0
1610608,0.0
1611609,0.0
1612610,0.0
1613611,4.83873767873279
1614612,2.6048339278593673
1615613,0.0
1616614,0.0
1617615,0.0
1618616,0.0
1619617,0.0
1620618,5.116034542944506
1621619,0.0
1622620,0.0
1623621,0.0
1624622,13.933711899758354
1625623,0.0
1626624,4.877679456279434
1627625,0.0
1628626,13.781957742921447
1629627,0.0
1630628,0.0
1631629,0.0
1632630,0.0
1633631,0.0
1634632,0.0
1635633,0.0
1636634,2.4199198788286918
1637635,0.0
1638636,0.0
1639637,0.0
1640638,5.081785214712237
1641639,0.0
1642640,0.0
1643641,0.0
1644642,0.0
1645643,0.0
1646644,0.0
1647645,0.0
1648646,5.174021373196918
1649647,0.0
1650648,20.152254054180975
1651649,3.5210666419046026
1652650,2.4338926360169095
1653651,0.0
1654652,0.0
1655653,0.0
1656654,0.0
1657655,8.632040876363336
1658656,0.0
1659657,0.0
1660658,16.197695539008862
1661659,0.0
1662660,0.0
1663661,0.0
1664662,4.0421940861438275
1665663,19.17261320218212
1666664,0.0
1667665,0.0
1668666,0.0
1669667,0.0
1670668,0.0
1671669,0.0
1672670,0.0
1673671,0.0
1674672,0.0
1675673,0.0
1676674,0.0
1677675,0.0
1678676,0.8255548481856911
1679677,8.235373517103476
1680678,0.0
1681679,4.1271304553396835
1682680,0.0
1683681,0.0
1684682,0.0
1685683,0.0
1686684,0.0
1687685,0.0
1688686,5.103322980312555
1689687,0.0
1690688,0.0
1691689,0.0
1692690,0.0
1693691,0.0
1694692,0.0
1695693,5.90995037990076
1696694,0.0
1697695,0.0
1698696,0.0
1699697,0.0
1700698,0.0
1701699,0.0
1702700,0.0
1703701,0.0
1704702,0.0
1705703,0.0
1706704,0.0
1707705,5.912583717730319
1708706,0.0
1709707,0.0
1710708,5.796547715289241
1711709,0.0
1712710,0.0
1713711,0.0
1714712,0.0
1715713,0.0
1716714,0.0
1717715,0.0
1718716,0.0
1719717,0.0
1720718,0.0
1721719,0.0
1722720,0.0
1723721,0.0
1724722,0.0
1725723,2.5185436487886785
1726724,0.0
1727725,0.0
1728726,0.0
1729727,0.0
1730728,0.0
1731729,0.0
1732730,0.0
1733731,0.0
1734732,0.0
1735733,0.0
1736734,0.0
1737735,0.0
1738736,2.64069522270986
1739737,4.127354689070194
1740738,5.869222732402146
1741739,0.0
1742740,0.0
1743741,0.0
1744742,0.0
1745743,9.587231141700531
1746744,0.0
1747745,0.0
1748746,0.0
1749747,0.0
1750748,0.0
1751749,0.0
1752750,0.0
1753751,4.9650411304789825
1754752,0.0
1755753,0.0
1756754,0.0
1757755,0.0
1758756,0.0
1759757,4.934427799981726
1760758,0.0
1761759,0.0
1762760,0.0
1763761,0.0
1764762,6.728860655376245
1765763,5.128124959911955
1766764,0.0
1767765,0.0
1768766,0.0
1769767,0.0
1770768,0.0
1771769,0.0
1772770,0.0
1773771,0.0
1774772,0.0
1775773,0.0
1776774,0.0
1777775,0.0
1778776,0.0
1779777,0.0
1780778,0.0
1781779,1.6950467798169395
1782780,0.0
1783781,0.0
1784782,0.0
1785783,0.0
1786784,0.0
1787785,0.0
1788786,0.0
1789787,0.0
1790788,6.91479613066013
1791789,1.649233813641691
1792790,0.0
1793791,0.0
1794792,0.0
1795793,0.0
1796794,3.276699309936166
1797795,0.0
1798796,5.008702444763194
1799797,0.0
1800798,0.0
1801799,0.0
1802800,2.4645252268794917
1803801,5.0443966119857935
1804802,0.0
1805803,0.0
1806804,0.0
1807805,0.0
1808806,0.0
1809807,0.0
1810808,5.129207531042414
1811809,0.0
1812810,0.0
1813811,0.0
1814812,0.0
1815813,0.0
1816814,0.0
1817815,15.748553951457449
1818816,0.0
1819817,0.0
1820818,0.0
1821819,0.0
1822820,0.0
1823821,0.0
1824822,0.0
1825823,4.144201263686645
1826824,0.0
1827825,0.0
1828826,0.0
1829827,0.0
1830828,0.0
1831829,5.113881483577713
1832830,0.0
1833831,1.6321788039414007
1834832,0.0
1835833,1.6292864882423985
1836834,0.0
1837835,8.279582331910754
1838836,0.0
1839837,0.0
1840838,0.0
1841839,0.0
1842840,0.0
1843841,0.0
1844842,0.0
1845843,0.0
1846844,0.0
1847845,15.569428265184298
1848846,2.4000000000000004
1849847,0.0
1850848,4.988161756414011
1851849,0.0
1852850,0.0
1853851,0.0
1854852,7.957287918672383
1855853,0.0
1856854,0.0
1857855,0.0
1858856,0.0
1859857,0.0
1860858,0.0
1861859,0.0
1862860,0.0
1863861,0.0
1864862,0.0
1865863,0.0
1866864,0.0
1867865,19.94083151699859
1868866,0.0
1869867,0.0
1870868,0.0
1871869,0.0
1872870,0.0
1873871,0.0
1874872,0.0
1875873,0.0
1876874,6.5872870592514134
1877875,0.0
1878876,0.0
1879877,0.0
1880878,0.0
1881879,0.0
1882880,0.0
1883881,0.0
1884882,0.0
1885883,0.0
1886884,0.0
1887885,0.0
1888886,0.0
1889887,0.0
1890888,2.5218109718882795
1891889,0.0
1892890,0.0
1893891,0.0
1894892,0.0
1895893,0.0
1896894,0.0
1897895,5.885809546542794
1898896,0.0
1899897,0.0
1900898,0.0
1901899,0.0
1902900,0.0
1903901,0.0
1904902,0.0
1905903,6.235778477867485
1906904,0.0
1907905,0.0
1908906,2.49172002179651
1909907,0.0
1910908,0.0
1911909,0.0
1912910,0.0
1913911,0.0
1914912,0.0
1915913,0.0
1916914,0.0
1917915,0.0
1918916,0.0
1919917,0.0
1920918,0.0
1921919,0.0
1922920,4.9547561157395075
1923921,0.0
1924922,0.0
1925923,4.201976592338254
1926924,0.0
1927925,0.0
1928926,0.0
1929927,0.0
1930928,0.0
1931929,0.0
1932930,0.0
1933931,0.0
1934932,0.0
1935933,0.0
1936934,0.0
1937935,0.0
1938936,0.0
1939937,0.0
1940938,0.0
1941939,1.6804955601831797
1942940,0.0
1943941,0.0
1944942,0.0
1945943,5.744568641955876
1946944,0.0
1947945,0.0
1948946,0.0
1949947,0.0
1950948,0.0
1951949,1.6760446966403637
1952950,0.0
1953951,0.0
1954952,7.514411631791958
1955953,0.0
1956954,0.0
1957955,0.0
1958956,0.0
1959957,2.416621153163443
1960958,2.5189947125595067
1961959,4.224427612131124
1962960,0.0
1963961,0.0
1964962,0.0
1965963,0.0
1966964,0.0
1967965,0.0
1968966,0.0
1969967,0.0
1970968,4.116320390773723
1971969,0.0
1972970,0.0
1973971,0.0
1974972,2.516246858999117
1975973,0.0
1976974,0.0
1977975,0.0
1978976,0.0
1979977,0.0
1980978,6.952755319916643
1981979,0.0
1982980,4.473400859527294
1983981,0.0
1984982,0.0
1985983,0.0
1986984,0.0
1987985,0.0
1988986,0.0
1989987,20.4464410279757
1990988,0.0
1991989,0.0
1992990,0.0
1993991,0.0
1994992,0.0
1995993,0.0
1996994,0.0
1997995,0.0
1998996,0.0
1999997,0.0
2000998,0.0
2001999,0.0
2003000,7.846049544941798
2004001,0.0
2005002,0.0
2006003,0.0
2007004,0.0
2008005,0.0
2009006,0.0
2010007,0.0
2011008,0.0
2012009,0.0
2013010,0.0
2014011,0.0
2015012,0.0
2016013,0.0
2017014,0.0
2018015,0.0
2019016,0.0
2020017,0.0
2021018,0.0
2022019,0.0
2023020,0.0
2024021,0.0
2025022,19.948300651890005
2026023,0.0
2027024,0.0
2028025,0.0
2029026,0.0
2030027,0.0
2031028,6.871048155448621
2032029,0.0
2033030,0.0
2034031,0.0
2035032,0.0
2036033,0.0
2037034,0.0
2038035,3.7101694939949432
2039036,6.809164938372035
2040037,0.0
2041038,0.0
2042039,0.0
2043040,0.0
2044041,7.908045783338331
2045042,0.0
2046043,0.0
2047044,0.0
2048045,0.0
2049046,0.0
2050047,8.843261291416443
2051048,0.0
2052049,0.0
2053050,7.906889715108374
2054051,0.0
2055052,0.0
2056053,0.0
2057054,0.0
2058055,0.0
2059056,0.0
2060057,0.0
2061058,7.946463735595206
2062059,0.0
2063060,0.0
2064061,0.0
2065062,4.2990445558004025
2066063,0.0
2067064,0.0
2068065,0.0
2069066,0.0
2070067,0.0
2071068,0.0
2072069,0.0
2073070,0.0
2074071,0.0
2075072,0.0
2076073,0.0
2077074,0.0
2078075,0.0
2079076,0.0
2080077,0.0
2081078,0.0
2082079,0.0
2083080,4.342412478208562
2084081,0.0
2085082,0.0
2086083,0.8311333015468888
2087084,0.0
2088085,0.0
2089086,0.0
2090087,0.0
2091088,0.0
2092089,0.0
2093090,0.0
2094091,5.972647589937877
2095092,0.8337557512387207
2096093,0.0
2097094,0.8499247094642287
2098095,0.0
2099096,0.0
2100097,0.0
2101098,0.0
2102099,0.0
2103100,0.0
2104101,0.0
2105102,0.0
2106103,0.0
2107104,0.0
2108105,0.0
2109106,0.0
2110107,0.0
2111108,0.0
2112109,0.0
2113110,0.0
2114111,0.0
2115112,0.0
2116113,0.0
2117114,0.0
2118115,0.0
2119116,5.165191387295959
2120117,0.0
2121118,0.0
2122119,0.0
2123120,0.0
2124121,5.156337326510163
2125122,0.0
2126123,0.0
2127124,0.0
2128125,6.035586813407184
2129126,0.0
2130127,0.0
2131128,0.0
2132129,0.0
2133130,0.0
2134131,0.0
2135132,0.0
2136133,0.0
2137134,0.0
2138135,0.0
2139136,13.119479930514716
2140137,0.0
2141138,0.0
2142139,0.0
2143140,0.0
2144141,1.776956072414471
2145142,2.6612838757252866
2146143,0.0
2147144,0.0
2148145,0.0
2149146,4.2954838494316485
2150147,0.0
2151148,0.0
2152149,0.0
2153150,0.0
2154151,0.0
2155152,0.0
2156153,4.246968049161582
2157154,0.0
2158155,8.750662090514362
2159156,0.0
2160157,0.0
2161158,0.0
2162159,0.0
2163160,0.0
2164161,0.0
2165162,0.0
2166163,0.0
2167164,0.0
2168165,0.0
2169166,0.0
2170167,0.0
2171168,7.005697830334773
2172169,0.0
2173170,0.0
2174171,0.0
2175172,0.0
2176173,18.227768076949953
2177174,0.0
2178175,0.0
2179176,0.0
2180177,0.0
2181178,6.193420447198275
2182179,0.0
2183180,0.0
2184181,8.794344983783446
2185182,0.0
2186183,6.961158117620094
2187184,0.0
2188185,14.036016002359634
2189186,0.0
2190187,0.0
2191188,0.0
2192189,0.0
2193190,0.0
2194191,0.0
2195192,1.740254255161687
2196193,0.0
2197194,0.0
2198195,0.0
2199196,6.886039275196984
2200197,0.0
2201198,0.0
2202199,0.0
2203200,4.196125948393342
2204201,0.0
2205202,2.6103734390234603
2206203,0.0
2207204,0.0
2208205,0.0
2209206,0.0
2210207,14.958224797701522
2211208,6.90709523505928
2212209,0.0
2213210,0.0
2214211,0.0
2215212,0.0
2216213,6.781296193397682
2217214,0.0
2218215,0.0
2219216,0.0
2220217,0.0
2221218,0.0
2222219,0.0
2223220,0.0
2224221,17.23101982053195
2225222,0.0
2226223,7.87204632259894
2227224,0.0
2228225,0.0
2229226,0.0
2230227,0.0
2231228,0.0
2232229,0.0
2233230,0.0
2234231,0.0
2235232,0.0
2236233,0.0
2237234,0.0
2238235,0.0
2239236,0.0
2240237,0.0
2241238,6.86951522423093
2242239,0.0
2243240,0.0
2244241,0.0
2245242,0.0
2246243,0.0
2247244,0.0
2248245,0.0
2249246,0.0
2250247,0.0
2251248,0.0
2252249,0.0
2253250,0.0
2254251,0.0
2255252,0.0
2256253,0.0
2257254,0.0
2258255,0.0
2259256,0.0
2260257,0.0
2261258,0.0
2262259,0.0
2263260,0.0
2264261,0.0
2265262,0.0
2266263,0.0
2267264,3.3869530597171824
2268265,0.0
2269266,0.0
2270267,0.0
2271268,0.0
2272269,0.0
2273270,0.0
2274271,0.0
2275272,0.8188290569361805
2276273,0.0
2277274,6.748836566032649
2278275,0.0
2279276,0.0
2280277,0.0
2281278,0.0
2282279,4.166990107938587
2283280,0.0
2284281,7.940019912185799
2285282,2.5300677680050545
2286283,0.0
2287284,0.0
2288285,0.0
2289286,6.926848515936593
2290287,0.0
2291288,0.0
2292289,5.0896830530266035
2293290,0.0
2294291,0.0
2295292,0.0
2296293,0.0
2297294,0.0
2298295,0.0
2299296,0.0
2300297,0.0
2301298,0.0
2302299,0.0
2303300,0.0
2304301,7.008063993328758
2305302,0.0
2306303,0.0
2307304,0.0
2308305,0.0
2309306,0.0
2310307,0.0
2311308,0.0
2312309,6.9494308693376325
2313310,2.696151911006505
2314311,0.0
2315312,0.0
2316313,0.0
2317314,0.0
2318315,0.0
2319316,0.0
2320317,0.0
2321318,0.0
2322319,0.0
2323320,0.0
2324321,0.0
2325322,0.0
2326323,0.0
2327324,7.8660299060042345
2328325,0.0
2329326,0.0
2330327,0.0
2331328,0.0
2332329,0.0
2333330,0.0
2334331,0.0
2335332,0.0
2336333,0.0
2337334,0.0
2338335,0.0
2339336,1.6924659650982918
2340337,0.0
2341338,0.0
2342339,0.0
2343340,0.0
2344341,0.0
2345342,0.0
2346343,0.0
2347344,0.0
2348345,0.0
2349346,4.54562617112396
2350347,0.0
2351348,0.0
2352349,0.0
2353350,0.0
2354351,0.0
2355352,0.0
2356353,0.8482540373541708
2357354,0.0
2358355,0.0
2359356,0.0
2360357,0.0
2361358,0.0
2362359,0.0
2363360,6.165061732869126
2364361,0.0
2365362,4.363851111972877
2366363,5.3230944927622925
2367364,0.0
2368365,0.0
2369366,0.0
2370367,0.0
2371368,0.0
2372369,7.14137059216794
2373370,0.0
2374371,0.0
2375372,0.0
2376373,0.0
2377374,0.0
2378375,0.0
2379376,0.0
2380377,0.0
2381378,0.8492193079488329
2382379,0.0
2383380,0.0
2384381,0.0
2385382,0.0
2386383,0.0
2387384,0.0
2388385,0.0
2389386,0.0
2390387,0.0
2391388,0.0
2392389,0.0
2393390,0.0
2394391,1.7626703261420598
2395392,0.0
2396393,0.0
2397394,0.0
2398395,0.0
2399396,0.0
2400397,0.0
2401398,0.0
2402399,0.0
2403400,0.0
2404401,0.0
2405402,8.24239657523342
2406403,0.0
2407404,0.0
2408405,0.0
2409406,0.0
2410407,6.954968296802073
2411408,0.0
2412409,11.683913716249597
2413410,0.0
2414411,0.0
2415412,0.0
2416413,0.0
2417414,0.0
2418415,3.6479850351148135
2419416,0.0
2420417,0.0
2421418,0.0
2422419,0.0
2423420,0.0
2424421,0.0
2425422,0.0
2426423,15.81199302540346
2427424,0.0
2428425,3.4618785499677696
2429426,0.0
2430427,0.0
2431428,0.0
2432429,0.0
2433430,0.0
2434431,0.0
2435432,0.0
2436433,0.0
2437434,0.0
2438435,0.0
2439436,0.0
2440437,0.0
2441438,3.461597733563145
2442439,5.960848113130687
2443440,20.84868456955581
2444441,0.0
2445442,0.0
2446443,0.0
2447444,0.0
2448445,0.0
2449446,0.849039191260754
2450447,0.0
2451448,4.325575407145561
2452449,0.0
2453450,0.0
2454451,0.0
2455452,0.0
2456453,0.0
2457454,0.0
2458455,0.0
2459456,0.0
2460457,0.0
2461458,3.4991948120479055
2462459,0.0
2463460,0.0
2464461,0.0
2465462,0.0
2466463,0.0
2467464,0.0
2468465,0.0
2469466,0.0
2470467,0.0
2471468,0.0
2472469,0.0
2473470,0.0
2474471,0.0
2475472,0.0
2476473,0.0
2477474,0.0
2478475,0.0
2479476,0.0
2480477,0.0
2481478,0.0
2482479,0.0
2483480,0.0
2484481,0.0
2485482,0.0
2486483,0.0
2487484,0.0
2488485,15.80203707790377
2489486,0.0
2490487,0.0
2491488,0.0
2492489,0.0
2493490,0.0
2494491,0.0
2495492,0.0
2496493,0.0
2497494,6.154753047813915
2498495,0.0
2499496,0.0
2500497,0.0
2501498,0.0
2502499,0.0
2503500,0.0
2504501,0.0
2505502,5.301158417945411
2506503,0.0
2507504,6.125935722292268
2508505,0.0
2509506,0.0
2510507,0.0
2511508,0.0
2512509,4.406550596925564
2513510,0.0
2514511,0.0
2515512,0.0
2516513,0.0
2517514,0.0
2518515,0.0
2519516,0.0
2520517,0.0
2521518,0.0
2522519,0.0
2523520,0.0
2524521,0.0
2525522,0.0
2526523,7.976545304725087
2527524,0.0
2528525,5.276558845881521
2529526,1.6927283697423263
2530527,0.0
2531528,10.825384963209773
2532529,0.0
2533530,8.049559211353339
2534531,2.573770380981805
2535532,0.0
2536533,0.0
2537534,9.622274520824945
2538535,0.0
2539536,0.0
2540537,0.0
2541538,0.0
2542539,0.0
2543540,0.0
2544541,0.0
2545542,4.383588024709277
2546543,0.0
2547544,0.0
2548545,0.0
2549546,0.0
2550547,0.0
2551548,0.0
2552549,0.0
2553550,0.0
2554551,0.0
2555552,0.0
2556553,0.0
2557554,7.042573222879767
2558555,9.805771315098088
2559556,0.0
2560557,0.0
2561558,6.24793258396776
2562559,0.0
2563560,0.0
2564561,0.0
2565562,0.0
2566563,0.0
2567564,0.0
2568565,0.0
2569566,0.0
2570567,0.0
2571568,10.578172863208087
2572569,0.0
2573570,0.0
2574571,0.0
2575572,0.0
2576573,0.0
2577574,0.0
2578575,0.0
2579576,0.0
2580577,0.0
2581578,0.0
2582579,1.6854746345948115
2583580,2.5546816860652046
2584581,9.792100646618472
2585582,0.0
2586583,0.0
2587584,0.0
2588585,0.0
2589586,0.0
2590587,0.0
2591588,6.135115851167542
2592589,0.0
2593590,0.0
2594591,0.0
2595592,0.0
2596593,0.0
2597594,0.0
2598595,0.0
2599596,0.0
2600597,0.8524436434887868
2601598,3.5081454108777272
2602599,0.0
2603600,0.0
2604601,9.05221680474684
2605602,0.0
2606603,0.0
2607604,0.0
2608605,0.0
2609606,0.0
2610607,0.0
2611608,0.0
2612609,0.0
2613610,0.0
2614611,0.0
2615612,0.0
2616613,0.0
2617614,0.0
2618615,0.0
2619616,0.0
2620617,0.0
2621618,22.804707162496165
2622619,0.0
2623620,0.0
2624621,0.0
2625622,0.0
2626623,0.0
2627624,0.0
2628625,0.0
2629626,0.0
2630627,0.0
2631628,0.0
2632629,0.0
2633630,0.0
2634631,0.0
2635632,0.0
2636633,13.918335009426485
2637634,0.0
2638635,0.0
2639636,0.0
2640637,0.0
2641638,0.0
2642639,4.310095416641089
2643640,0.0
2644641,0.0
2645642,0.0
2646643,0.0
2647644,0.0
2648645,0.0
2649646,0.0
2650647,16.67280247474236
2651648,0.0
2652649,0.0
2653650,0.0
2654651,0.0
2655652,0.0
2656653,0.0
2657654,0.0
2658655,0.0
2659656,0.0
2660657,0.0
2661658,0.0
2662659,2.547566223472085
2663660,0.0
2664661,5.129833971750801
2665662,0.0
2666663,3.4382721174030637
2667664,0.0
2668665,0.0
2669666,0.0
2670667,0.0
2671668,0.0
2672669,0.0
2673670,0.0
2674671,0.0
2675672,0.0
2676673,0.0
2677674,0.0
2678675,0.0
2679676,0.0
2680677,0.0
2681678,0.0
2682679,0.0
2683680,0.0
2684681,0.0
2685682,0.0
2686683,0.0
2687684,0.0
2688685,4.289527534551326
2689686,0.0
2690687,0.0
2691688,0.0
2692689,0.0
2693690,0.0
2694691,0.0
2695692,0.0
2696693,0.0
2697694,0.0
2698695,0.0
2699696,0.0
2700697,3.382666125805902
2701698,0.0
2702699,0.0
2703700,0.0
2704701,0.0
2705702,0.0
2706703,0.0
2707704,7.16014088375442
2708705,0.0
2709706,0.0
2710707,0.0
2711708,0.0
2712709,0.0
2713710,3.398756685278572
2714711,0.0
2715712,0.0
2716713,0.0
2717714,0.0
2718715,0.0
2719716,0.0
2720717,0.0
2721718,0.0
2722719,0.0
2723720,0.0
2724721,0.0
2725722,0.0
2726723,0.0
2727724,0.0
2728725,0.0
2729726,0.0
2730727,0.0
2731728,0.0
2732729,0.0
2733730,0.0
2734731,0.0
2735732,0.0
2736733,7.065987247089455
2737734,6.966938792326162
2738735,5.171948471471038
2739736,0.0
2740737,0.0
2741738,0.0
2742739,0.0
2743740,0.0
2744741,0.0
2745742,4.27759251500541
2746743,0.0
2747744,0.0
2748745,0.0
2749746,0.0
2750747,0.0
2751748,0.0
2752749,10.540128097994959
2753750,0.0
2754751,0.0
2755752,0.0
2756753,0.0
2757754,0.0
2758755,8.880085439120757
2759756,0.0
2760757,0.0
2761758,0.0
2762759,0.0
2763760,0.0
2764761,0.0
2765762,0.0
2766763,0.0
2767764,13.889150167891826
2768765,0.0
2769766,0.0
2770767,0.0
2771768,0.0
2772769,0.0
2773770,0.0
2774771,0.0
2775772,0.0
2776773,0.0
2777774,0.0
2778775,0.0
2779776,0.8436342183510099
2780777,0.0
2781778,9.752452912870899
2782779,0.0
2783780,0.0
2784781,9.751787854781266
2785782,3.4953138420984198
2786783,0.0
2787784,0.0
2788785,0.0
2789786,2.5969368333395932
2790787,0.0
2791788,0.0
2792789,6.247556214715765
2793790,0.0
2794791,0.0
2795792,0.0
2796793,0.0
2797794,0.0
2798795,4.324365153018855
2799796,0.0
2800797,0.0
2801798,0.0
2802799,28.079288897199923
2803800,0.0
2804801,0.0
2805802,0.0
2806803,0.0
2807804,0.0
2808805,0.0
2809806,0.0
2810807,0.0
2811808,0.0
2812809,0.0
2813810,0.0
2814811,0.0
2815812,0.0
2816813,6.0021317367077724
2817814,2.537418649083063
2818815,0.0
2819816,0.0
2820817,0.0
2821818,0.0
2822819,0.0
2823820,0.0
2824821,10.553576789060898
2825822,0.0
2826823,0.0
2827824,0.0
2828825,0.0
2829826,0.0
2830827,0.0
2831828,0.0
2832829,0.0
2833830,0.0
2834831,0.0
2835832,0.0
2836833,0.0
2837834,3.3793160986210102
2838835,0.0
2839836,4.357513459032542
2840837,0.0
2841838,0.0
2842839,8.84229121208748
2843840,0.0
2844841,0.0
2845842,9.685010758825033
2846843,0.0
2847844,8.837713976458588
2848845,0.0
2849846,0.0
2850847,0.0
2851848,0.0
2852849,5.112822735423865
2853850,0.0
2854851,0.0
2855852,0.0
2856853,0.0
2857854,0.0
2858855,0.0
2859856,0.0
2860857,0.0
2861858,7.958597018147283
2862859,5.167932559906677
2863860,0.0
2864861,0.0
2865862,0.0
2866863,0.0
2867864,0.0
2868865,0.0
2869866,2.5383777140459673
2870867,0.0
2871868,0.0
2872869,0.0
2873870,0.0
2874871,0.0
2875872,0.0
2876873,0.0
2877874,0.0
2878875,0.0
2879876,0.0
2880877,0.0
2881878,0.0
2882879,0.0
2883880,0.0
2884881,0.0
2885882,0.0
2886883,0.0
2887884,0.0
2888885,0.0
2889886,0.0
2890887,0.0
2891888,0.0
2892889,0.0
2893890,0.0
2894891,0.0
2895892,0.0
2896893,0.0
2897894,4.301745232736029
2898895,0.0
2899896,5.101784589838455
2900897,0.0
2901898,0.0
2902899,0.0
2903900,0.0
2904901,0.0
2905902,0.0
2906903,0.0
2907904,0.0
2908905,0.0
2909906,0.0
2910907,0.0
2911908,0.0
2912909,4.372463256094777
2913910,0.0
2914911,0.0
2915912,6.829470651272713
2916913,0.0
2917914,0.0
2918915,0.0
2919916,6.990811382435223
2920917,0.0
2921918,0.0
2922919,0.0
2923920,0.0
2924921,0.0
2925922,0.0
2926923,0.0
2927924,0.0
2928925,0.8413893303940249
2929926,2.5381162929130876
2930927,0.0
2931928,0.0
2932929,0.0
2933930,0.0
2934931,0.0
2935932,0.0
2936933,0.0
2937934,0.0
2938935,6.999870196549185
2939936,5.316913071794162
2940937,0.0
2941938,5.338875935325807
2942939,0.0
2943940,0.0
2944941,0.0
2945942,0.0
2946943,0.0
2947944,0.0
2948945,0.0
2949946,4.308539406606478
2950947,5.282367593354238
2951948,0.0
2952949,0.0
2953950,0.0
2954951,3.4318591456009817
2955952,0.0
2956953,0.0
2957954,0.0
2958955,0.0
2959956,0.0
2960957,0.0
2961958,0.0
2962959,0.0
2963960,0.0
2964961,0.0
2965962,0.0
2966963,0.0
2967964,0.0
2968965,0.0
2969966,0.0
2970967,0.0
2971968,0.0
2972969,0.0
2973970,0.0
2974971,0.0
2975972,6.0029557532731035
2976973,0.0
2977974,7.083901021730217
2978975,0.0
2979976,0.0
2980977,0.0
2981978,0.0
2982979,0.0
2983980,0.0
2984981,0.0
2985982,0.0
2986983,4.331515188000794
2987984,0.0
2988985,0.0
2989986,9.79269763964317
2990987,0.0
2991988,0.0
2992989,0.0
2993990,0.0
2994991,0.0
2995992,0.0
2996993,0.0
2997994,13.299719410371994
2998995,0.0
2999996,0.0
3000997,0.0
3001998,0.0
3002999,0.0
3004000,0.0
3005001,0.0
3006002,0.0
3007003,0.0
3008004,0.0
3009005,0.0
3010006,9.699062668265011
3011007,0.0
3012008,0.0
3013009,4.348109108878317
3014010,0.0
3015011,0.0
3016012,0.0
3017013,0.0
3018014,0.0
3019015,0.0
3020016,3.522473932209702
3021017,0.0
3022018,0.0
3023019,0.0
3024020,0.0
3025021,0.0
3026022,0.0
3027023,0.0
3028024,0.0
3029025,0.0
3030026,2.5644773469992534
3031027,0.0
3032028,4.37555184548562
3033029,0.0
3034030,26.37390010873906
3035031,0.0
3036032,0.0
3037033,0.0
3038034,0.0
3039035,0.0
3040036,0.0
3041037,9.740713983588444
3042038,0.0
3043039,11.418061616205016
3044040,0.0
3045041,0.0
3046042,5.302676707247839
3047043,0.0
3048044,0.0
3049045,0.0
3050046,0.0
3051047,0.0
3052048,0.0
3053049,0.0
3054050,0.0
3055051,0.0
3056052,0.0
3057053,0.0
3058054,0.0
3059055,0.0
3060056,18.388522925936872
3061057,0.0
3062058,0.0
3063059,0.0
3064060,0.0
3065061,0.0
3066062,0.0
3067063,9.79422295840503
3068064,0.0
3069065,0.0
3070066,0.0
3071067,0.0
3072068,0.0
3073069,0.0
3074070,0.0
3075071,0.0
3076072,3.6231401173291546
3077073,0.0
3078074,0.0
3079075,0.0
3080076,0.0
3081077,13.435662017977139
3082078,2.679564750523771
3083079,0.0
3084080,0.0
3085081,0.0
3086082,0.0
3087083,11.5704719592645
3088084,4.576362325022956
3089085,0.0
3090086,8.00760526842645
3091087,0.0
3092088,0.0
3093089,0.0
3094090,4.467794757848926
3095091,0.0
3096092,0.0
3097093,0.0
3098094,0.0
3099095,9.021978200928329
3100096,0.0
3101097,0.0
3102098,0.0
3103099,0.0
3104100,0.0
3105101,0.0
3106102,0.0
3107103,0.0
3108104,0.0
3109105,0.0
3110106,13.395056119199783
3111107,0.0
3112108,0.0
3113109,0.0
3114110,0.0
3115111,0.0
3116112,0.0
3117113,0.0
3118114,0.0
3119115,0.0
3120116,0.0
3121117,0.0
3122118,8.884201871180768
3123119,0.0
3124120,0.0
3125121,0.0
3126122,0.0
3127123,0.0
3128124,0.0
3129125,0.0
3130126,0.0
3131127,0.0
3132128,0.0
3133129,11.560985676431727
3134130,3.534789945230711
3135131,6.302837245032188
3136132,0.0
3137133,0.0
3138134,0.0
3139135,0.0
3140136,0.0
3141137,0.0
3142138,0.0
3143139,14.081864497399991
3144140,0.0
3145141,0.0
3146142,0.0
3147143,20.11416713078446
3148144,0.0
3149145,0.0
3150146,0.0
3151147,4.468166586993329
3152148,0.0
3153149,0.0
3154150,6.112987582205841
3155151,0.0
3156152,0.0
3157153,0.0
3158154,4.340101500463086
3159155,0.0
3160156,0.0
3161157,0.0
3162158,0.0
3163159,11.432652102015552
3164160,5.215955912694671
3165161,0.0
3166162,0.0
3167163,0.0
3168164,0.0
3169165,0.0
3170166,0.0
3171167,0.0
3172168,20.269381915173827
3173169,0.0
3174170,1.7447571445541077
3175171,3.5465807736360118
3176172,5.354627129252784
3177173,0.0
3178174,0.0
3179175,13.315669978004426
3180176,0.0
3181177,14.179649621676345
3182178,0.0
3183179,0.0
3184180,15.124020610668419
3185181,9.748385797868393
3186182,0.0
3187183,0.0
3188184,0.0
3189185,0.0
3190186,0.0
3191187,0.0
3192188,0.0
3193189,0.0
3194190,9.79570012643665
3195191,0.0
3196192,0.0
3197193,0.0
3198194,0.0
3199195,9.879793728811958
3200196,21.557807848529333
3201197,0.0
3202198,0.0
3203199,0.0
3204200,1.779010888729709
3205201,0.0
3206202,11.330951651500179
3207203,0.0
3208204,0.0
3209205,0.0
3210206,0.0
3211207,9.646003461366815
3212208,0.0
3213209,0.0
3214210,0.0
3215211,0.0
3216212,0.0
3217213,0.0
3218214,0.0
3219215,0.0
3220216,0.0
3221217,0.0
3222218,0.0
3223219,0.0
3224220,0.0
3225221,0.0
3226222,0.0
3227223,0.0
3228224,0.0
3229225,0.0
3230226,0.0
3231227,0.0
3232228,0.0
3233229,0.0
3234230,8.861976831742924
3235231,0.0
3236232,0.0
3237233,0.0
3238234,0.0
3239235,0.0
3240236,0.0
3241237,20.62057152999102
3242238,0.0
3243239,0.0
3244240,7.1552933278746975
3245241,12.553563835572989
3246242,0.0
3247243,14.234891532862274
3248244,0.0
3249245,8.901389887409078
3250246,0.0
3251247,0.0
3252248,0.0
3253249,0.0
3254250,0.0
3255251,0.0
3256252,0.0
3257253,7.092137570289994
3258254,11.866700996434524
3259255,0.0
3260256,15.926339027004992
3261257,0.0
3262258,0.0
3263259,0.0
3264260,0.0
3265261,0.0
3266262,0.0
3267263,0.0
3268264,0.0
3269265,0.0
3270266,25.65970660945954
3271267,0.0
3272268,0.0
3273269,0.8806974379852675
3274270,0.0
3275271,0.0
3276272,0.0
3277273,0.0
3278274,0.0
3279275,0.0
3280276,0.0
3281277,0.0
3282278,3.5754597727112825
3283279,0.0
3284280,0.0
3285281,0.0
3286282,0.0
3287283,0.0
3288284,0.0
3289285,0.0
3290286,6.401300867593374
3291287,0.0
3292288,0.0
3293289,0.0
3294290,16.80638713187712
3295291,0.0
3296292,8.97356717684538
3297293,0.0
3298294,0.0
3299295,0.0
3300296,0.0
3301297,0.0
3302298,0.0
3303299,17.165286280668138
3304300,0.0
3305301,0.0
3306302,0.0
3307303,0.0
3308304,0.0
3309305,0.0
3310306,0.0
3311307,0.0
3312308,0.0
3313309,20.269458301586642
3314310,0.0
3315311,0.0
3316312,0.8966284198673169
3317313,0.0
3318314,8.211726301524216
3319315,2.7077232725402904
3320316,3.578220486179419
3321317,0.0
3322318,0.0
3323319,0.0
3324320,25.572825166392576
3325321,0.0
3326322,0.0
3327323,18.539315508752402
3328324,0.0
3329325,0.0
3330326,16.108008509023136
3331327,0.0
3332328,0.0
3333329,6.214001835516216
3334330,7.964445027172818
3335331,0.0
3336332,0.0
3337333,21.817960408126265
3338334,0.0
3339335,8.036330134815042
3340336,0.0
3341337,0.0
3342338,8.949294503582866
3343339,0.0
3344340,9.713149432942616
3345341,0.0
3346342,0.0
3347343,10.690137604247205
3348344,0.0
3349345,10.626257727201859
3350346,0.0
3351347,0.0
3352348,0.0
3353349,0.0
3354350,0.0
3355351,0.0
3356352,0.0
3357353,33.025020703098264
3358354,0.0
3359355,8.01965406645946
3360356,0.0
3361357,0.0
3362358,0.0
3363359,0.0
3364360,0.0
3365361,19.589741351969664
3366362,9.743918648155818
3367363,8.842483356816981
3368364,22.32680641720223
3369365,0.0
3370366,0.0
3371367,0.0
3372368,0.0
3373369,0.0
3374370,18.588620275986884
3375371,0.0
3376372,0.0
3377373,0.0
3378374,0.0
3379375,0.0
3380376,0.0
3381377,0.0
3382378,0.0
3383379,1.7723033177448158
3384380,0.0
3385381,0.0
3386382,4.4048625860963035
3387383,0.0
3388384,0.0
3389385,6.375992535921573
3390386,0.0
3391387,0.0
3392388,0.0
3393389,0.0
3394390,0.0
3395391,0.0
3396392,0.0
3397393,0.0
3398394,0.0
3399395,0.0
3400396,0.0
3401397,0.0
3402398,0.0
3403399,0.0
3404400,0.0
3405401,0.0
3406402,0.0
3407403,0.0
3408404,0.0
3409405,0.0
3410406,10.015947389179281
3411407,7.085188613093188
3412408,0.0
3413409,0.0
3414410,0.0
3415411,0.0
3416412,0.0
3417413,0.0
3418414,0.0
3419415,6.131463968629931
3420416,0.0
3421417,0.0
3422418,0.0
3423419,0.0
3424420,0.0
3425421,0.0
3426422,0.0
3427423,0.0
3428424,0.0
3429425,0.0
3430426,0.0
3431427,0.0
3432428,0.0
3433429,0.0
3434430,0.0
3435431,0.0
3436432,0.0
3437433,0.0
3438434,0.0
3439435,0.0
3440436,0.0
3441437,0.0
3442438,0.0
3443439,0.0
3444440,0.0
3445441,0.0
3446442,12.570806738733541
3447443,10.564002925139656
3448444,0.0
3449445,0.0
3450446,0.0
3451447,0.0
3452448,0.0
3453449,0.0
3454450,0.0
3455451,0.0
3456452,0.0
3457453,0.0
3458454,0.0
3459455,0.0
3460456,0.0
3461457,0.0
3462458,0.0
3463459,4.554709444965122
3464460,0.0
3465461,0.0
3466462,0.0
3467463,0.0
3468464,0.0
3469465,3.5466066316992864
3470466,0.0
3471467,0.0
3472468,0.0
3473469,0.0
3474470,0.0
3475471,0.0
3476472,0.0
3477473,0.0
3478474,0.0
3479475,0.0
3480476,0.0
3481477,0.0
3482478,0.0
3483479,0.0
3484480,0.0
3485481,0.0
3486482,0.87625595321452
3487483,9.959246376836372
3488484,0.0
3489485,0.0
3490486,10.653971844913878
3491487,0.0
3492488,0.0
3493489,0.0
3494490,0.0
3495491,0.0
3496492,0.0
3497493,0.0
3498494,0.0
3499495,0.0
3500496,0.0
3501497,0.0
3502498,0.0
3503499,0.0
3504500,0.0
3505501,0.0
3506502,14.875872459348622
3507503,0.0
3508504,10.803430857176462
3509505,0.0
3510506,0.0
3511507,0.0
3512508,0.0
3513509,0.0
3514510,0.0
3515511,0.0
3516512,21.1952876154822
3517513,0.0
3518514,16.864733424744607
3519515,7.120906254425686
3520516,30.933381591507338
3521517,0.0
3522518,0.0
3523519,7.8278491123906875
3524520,0.0
3525521,0.0
3526522,0.0
3527523,0.0
3528524,0.0
3529525,3.475247189572909
3530526,0.0
3531527,0.0
3532528,0.0
3533529,0.0
3534530,0.0
3535531,0.0
3536532,10.49680628639025
3537533,0.0
3538534,0.0
3539535,0.0
3540536,0.0
3541537,0.0
3542538,0.0
3543539,0.0
3544540,0.0
3545541,0.0
3546542,0.0
3547543,0.0
3548544,18.103683419219347
3549545,0.0
3550546,4.456847576785373
3551547,0.0
3552548,0.0
3553549,0.0
3554550,0.0
3555551,8.90995152465545
3556552,0.0
3557553,0.0
3558554,0.0
3559555,0.0
3560556,0.0
3561557,7.085291717022778
3562558,0.0
3563559,7.007572871463051
3564560,6.123302556156332
3565561,0.0
3566562,0.0
3567563,0.0
3568564,0.0
3569565,0.0
3570566,3.56651481651521
3571567,2.649729603846386
3572568,0.0
3573569,0.0
3574570,12.367563221539756
3575571,0.0
3576572,0.0
3577573,0.0
3578574,0.0
3579575,0.0
3580576,0.0
3581577,0.0
3582578,0.0
3583579,0.0
3584580,0.0
3585581,0.0
3586582,0.0
3587583,0.0
3588584,0.0
3589585,0.0
3590586,0.0
3591587,0.0
3592588,0.0
3593589,0.0
3594590,0.0
3595591,0.0
3596592,0.0
3597593,14.055745855369034
3598594,4.378910377218062
3599595,0.0
3600596,31.882944828027124
3601597,0.0
3602598,0.0
3603599,0.0
3604600,10.709452343542932
3605601,0.0
3606602,0.0
3607603,0.0
3608604,0.0
3609605,0.0
3610606,0.0
3611607,0.0
3612608,0.0
3613609,0.0
3614610,0.0
3615611,2.7231368694202525
3616612,0.0
3617613,0.0
3618614,0.0
3619615,0.0
3620616,0.0
3621617,0.0
3622618,0.0
3623619,0.0
3624620,4.480432180924907
3625621,17.308107674665138
3626622,0.0
3627623,0.0
3628624,0.0
3629625,0.0
3630626,0.0
3631627,0.0
3632628,0.0
3633629,0.0
3634630,0.0
3635631,0.0
3636632,12.625945770717772
3637633,0.0
3638634,5.19953348420128
3639635,0.0
3640636,0.0
3641637,9.594708447601558
3642638,0.0
3643639,0.0
3644640,13.592335831960558
3645641,0.0
3646642,0.0
3647643,3.447715575588443
3648644,0.0
3649645,0.0
3650646,0.0
3651647,0.0
3652648,0.0
3653649,0.0
3654650,0.0
3655651,0.0
3656652,0.0
3657653,0.0
3658654,0.0
3659655,0.0
3660656,0.0
3661657,0.0
3662658,0.0
3663659,0.0
3664660,0.0
3665661,0.0
3666662,0.0
3667663,0.0
3668664,0.0
3669665,0.0
3670666,0.0
3671667,0.0
3672668,0.0
3673669,7.016351326248873
3674670,0.0
3675671,0.0
3676672,0.0
3677673,0.0
3678674,0.0
3679675,0.0
3680676,15.838252393489517
3681677,0.0
3682678,0.0
3683679,0.0
3684680,12.623290821677063
3685681,0.0
3686682,0.0
3687683,0.0
3688684,14.941201497335728
3689685,0.0
3690686,0.0
3691687,5.2715477966957955
3692688,0.0
3693689,0.0
3694690,0.0
3695691,0.0
3696692,9.115715055914364
3697693,16.985225201262875
3698694,0.0
3699695,0.0
3700696,0.8458655689860557
3701697,0.0
3702698,0.0
3703699,0.0
3704700,0.0
3705701,0.0
3706702,0.0
3707703,0.0
3708704,0.0
3709705,0.0
3710706,0.0
3711707,0.0
3712708,7.62297356429725
3713709,24.511133153985792
3714710,0.0
3715711,0.0
3716712,7.293315546612519
3717713,0.0
3718714,0.0
3719715,0.0
3720716,9.70577445035892
3721717,0.0
3722718,0.0
3723719,0.0
3724720,0.0
3725721,0.0
3726722,9.895386935160907
3727723,0.0
3728724,25.23844729431109
3729725,0.0
3730726,0.0
3731727,0.0
3732728,0.0
3733729,0.0
3734730,0.0
3735731,0.0
3736732,0.0
3737733,0.0
3738734,19.427073381283943
3739735,5.235842265659006
3740736,0.0
3741737,4.3144785983677485
3742738,0.0
3743739,0.0
3744740,0.0
3745741,0.0
3746742,0.0
3747743,39.111496550010585
3748744,0.0
3749745,0.0
3750746,0.0
3751747,0.0
3752748,15.873230131054244
3753749,0.0
3754750,14.52524840350564
3755751,0.0
3756752,0.0
3757753,0.0
3758754,0.0
3759755,0.0
3760756,0.0
3761757,0.0
3762758,0.0
3763759,0.0
3764760,0.0
3765761,0.0
3766762,0.0
3767763,3.5790779543030613
3768764,0.0
3769765,0.0
3770766,0.0
3771767,0.0
3772768,0.0
3773769,0.0
3774770,0.0
3775771,0.0
3776772,0.0
3777773,0.0
3778774,0.0
3779775,0.0
3780776,7.1420217303630205
3781777,0.0
3782778,0.0
3783779,0.0
3784780,0.0
3785781,0.0
3786782,0.0
3787783,0.0
3788784,13.316505797714996
3789785,0.0
3790786,0.0
3791787,0.0
3792788,0.0
3793789,10.589675546933359
3794790,0.0
3795791,0.0
3796792,0.0
3797793,0.0
3798794,0.0
3799795,0.0
3800796,70.44460531754814
3801797,0.0
3802798,7.189206802339008
3803799,0.0
3804800,0.0
3805801,0.0
3806802,0.0
3807803,13.397447176093477
3808804,0.0
3809805,0.0
3810806,0.0
3811807,0.0
3812808,0.0
3813809,7.173576667006241
3814810,17.421048640517316
3815811,9.747312053261336
3816812,14.567463240547223
3817813,18.807694716392604
3818814,0.0
3819815,0.0
3820816,0.0
3821817,0.0
3822818,6.094369961885705
3823819,0.0
3824820,0.0
3825821,0.0
3826822,8.996166065679954
3827823,10.353007354087445
3828824,0.0
3829825,0.0
3830826,0.0
3831827,0.0
3832828,0.0
3833829,0.0
3834830,16.880286990236744
3835831,0.0
3836832,0.0
3837833,0.0
3838834,0.0
3839835,0.0
3840836,0.0
3841837,3.5224500697744494
3842838,0.0
3843839,0.0
3844840,0.0
3845841,0.0
3846842,9.294351731131291
3847843,0.0
3848844,0.0
3849845,0.0
3850846,0.0
3851847,0.0
3852848,8.270805476626585
3853849,0.0
3854850,0.0
3855851,0.0
3856852,0.0
3857853,11.575264451945198
3858854,0.0
3859855,11.62306879726839
3860856,0.0
3861857,0.0
3862858,0.0
3863859,0.0
3864860,0.0
3865861,20.86907656322892
3866862,0.0
3867863,0.0
3868864,0.0
3869865,0.0
3870866,7.012732607269898
3871867,0.0
3872868,0.0
3873869,6.098567259582418
3874870,6.39001248452962
3875871,0.0
3876872,0.0
3877873,0.0
3878874,10.935594738986124
3879875,13.446922382326298
3880876,0.0
3881877,0.0
3882878,0.0
3883879,0.0
3884880,12.55661487627645
3885881,0.0
3886882,0.0
3887883,0.0
3888884,0.0
3889885,0.0
3890886,0.0
3891887,28.853428465791733
3892888,0.0
3893889,0.0
3894890,0.0
3895891,0.0
3896892,0.0
3897893,0.0
3898894,0.0
3899895,0.0
3900896,11.477287330436283
3901897,0.0
3902898,11.442921834584574
3903899,0.0
3904900,0.0
3905901,0.0
3906902,0.0
3907903,0.0
3908904,3.500423421353724
3909905,12.50557853201163
3910906,0.0
3911907,0.0
3912908,20.21385853832847
3913909,11.43511143703554
3914910,0.0
3915911,0.0
3916912,0.0
3917913,0.0
3918914,0.0
3919915,4.406300897708401
3920916,0.0
3921917,0.0
3922918,0.0
3923919,0.0
3924920,0.0
3925921,10.737527556073866
3926922,0.0
3927923,0.0
3928924,0.0
3929925,0.0
3930926,0.0
3931927,0.0
3932928,0.0
3933929,0.0
3934930,0.0
3935931,0.0
3936932,22.901161344434247
3937933,0.0
3938934,0.0
3939935,14.290373429121447
3940936,0.0
3941937,11.26761917204119
3942938,0.0
3943939,0.0
3944940,0.0
3945941,18.62284404626727
3946942,0.0
3947943,0.0
3948944,0.0
3949945,9.150215450327629
3950946,0.0
3951947,0.0
3952948,0.0
3953949,0.0
3954950,34.48951669731039
3955951,0.0
3956952,0.0
3957953,0.0
3958954,0.0
3959955,0.0
3960956,0.0
3961957,0.0
3962958,0.0
3963959,0.0
3964960,0.0
3965961,0.0
3966962,0.0
3967963,0.0
3968964,28.337443152481537
3969965,0.0
3970966,0.0
3971967,0.0
3972968,0.0
3973969,0.0
3974970,32.311959442724685
3975971,0.0
3976972,0.0
3977973,0.0
3978974,0.0
3979975,0.0
3980976,25.38343349801815
3981977,0.0
3982978,0.0
3983979,0.0
3984980,0.0
3985981,0.0
3986982,0.0
3987983,8.962140705931343
3988984,0.0
3989985,0.0
3990986,0.0
3991987,10.675561155543067
3992988,0.0
3993989,0.0
3994990,0.0
3995991,0.0
3996992,0.0
3997993,0.0
3998994,0.0
3999995,0.0
4000996,0.0
4001997,0.0
4002998,16.15508635947503
4003999,9.843861232454868
4005000,0.0
4006001,0.0
4007002,0.0
4008003,0.0
4009004,0.0
4010005,0.0
4011006,2.604069937974913
4012007,0.0
4013008,0.0
4014009,0.0
4015010,0.0
4016011,0.0
4017012,0.0
4018013,0.0
4019014,0.0
4020015,0.0
4021016,0.0
4022017,0.0
4023018,0.0
4024019,0.0
4025020,0.0
4026021,0.0
4027022,0.0
4028023,0.0
4029024,12.242981507471496
4030025,0.0
4031026,0.0
4032027,0.0
4033028,0.0
4034029,0.0
4035030,0.0
4036031,0.0
4037032,0.0
4038033,0.0
4039034,0.0
4040035,26.18212340549088
4041036,0.0
4042037,3.708556320005172
4043038,0.0
4044039,0.0
4045040,0.0
4046041,0.0
4047042,0.0
4048043,0.0
4049044,0.0
4050045,0.0
4051046,0.0
4052047,0.0
4053048,0.0
4054049,3.590783960685589
4055050,0.0
4056051,7.884801885407988
4057052,8.003196646272356
4058053,9.964024768445455
4059054,0.0
4060055,19.147140171705722
4061056,0.0
4062057,31.66749873461331
4063058,0.0
4064059,0.0
4065060,0.0
4066061,0.0
4067062,0.0
4068063,8.882585210913936
4069064,7.194178356764874
4070065,0.0
4071066,0.0
4072067,0.0
4073068,0.0
4074069,0.0
4075070,14.648989066394643
4076071,0.0
4077072,0.0
4078073,11.772968757865195
4079074,0.0
4080075,0.0
4081076,7.9927798560709205
4082077,0.0
4083078,34.60958075585718
4084079,0.0
4085080,0.0
4086081,0.0
4087082,0.0
4088083,0.0
4089084,0.0
4090085,0.0
4091086,0.0
4092087,0.0
4093088,6.955618523015005
4094089,0.0
4095090,0.0
4096091,0.0
4097092,4.406974088298008
4098093,0.0
4099094,0.0
4100095,0.0
4101096,27.672623566433238
4102097,0.0
4103098,0.0
4104099,0.0
4105100,7.166604552092994
4106101,0.0
4107102,10.840327333595113
4108103,0.0
4109104,0.0
4110105,0.0
4111106,0.0
4112107,0.0
4113108,0.0
4114109,0.0
4115110,0.0
4116111,0.0
4117112,0.0
4118113,0.0
4119114,0.0
4120115,9.869760142399022
4121116,0.0
4122117,6.208999841240936
4123118,0.0
4124119,0.0
4125120,0.0
4126121,0.0
4127122,7.988859798582215
4128123,2.642042292435225
4129124,0.0
4130125,4.448616184040153
4131126,0.0
4132127,0.0
4133128,0.0
4134129,0.0
4135130,0.0
4136131,0.0
4137132,0.0
4138133,14.419516999622205
4139134,0.0
4140135,0.0
4141136,0.0
4142137,0.0
4143138,0.0
4144139,5.288714378143689
4145140,0.0
4146141,10.782777011385848
4147142,0.0
4148143,7.088250634032084
4149144,0.0
4150145,0.0
4151146,0.0
4152147,0.0
4153148,0.0
4154149,0.0
4155150,0.0
4156151,0.0
4157152,12.540827073869908
4158153,0.0
4159154,0.0
4160155,0.0
4161156,0.0
4162157,0.0
4163158,0.0
4164159,0.0
4165160,15.272369426713182
4166161,6.136446564731395
4167162,0.0
4168163,0.0
4169164,0.0
4170165,0.0
4171166,0.0
4172167,1.6999668139394748
4173168,0.0
4174169,0.0
4175170,0.0
4176171,4.348821670271244
4177172,3.4927270300345397
4178173,0.0
4179174,0.0
4180175,0.0
4181176,0.0
4182177,0.0
4183178,0.0
4184179,0.0
4185180,0.0
4186181,0.0
4187182,0.0
4188183,0.0
4189184,0.0
4190185,0.0
4191186,0.0
4192187,0.0
4193188,3.4516077421460474
4194189,0.0
4195190,0.0
4196191,0.0
4197192,13.370013888824671
4198193,4.346516108659777
4199194,0.0
4200195,0.0
4201196,1.6971256423702434
4202197,0.0
4203198,0.0
4204199,0.0
4205200,6.159749645227742
4206201,0.0
4207202,0.0
4208203,0.0
4209204,0.0
4210205,0.0
4211206,0.0
4212207,0.0
4213208,10.621592448481946
4214209,0.0
4215210,0.0
4216211,0.0
4217212,0.0
4218213,0.0
4219214,0.0
4220215,0.0
4221216,0.0
4222217,16.23478444237815
4223218,0.0
4224219,0.0
4225220,11.67433457148223
4226221,0.0
4227222,0.0
4228223,13.645834411733782
4229224,0.0
4230225,0.0
4231226,18.62802578356147
4232227,0.0
4233228,2.618218145492479
4234229,0.0
4235230,0.0
4236231,0.0
4237232,12.842798241464898
4238233,7.966317542915526
4239234,0.0
4240235,0.0
4241236,0.0
4242237,0.0
4243238,0.0
4244239,0.0
4245240,0.0
4246241,0.0
4247242,0.0
4248243,0.0
4249244,0.0
4250245,0.0
4251246,0.0
4252247,0.0
4253248,0.0
4254249,0.0
4255250,16.020476127286262
4256251,0.0
4257252,0.0
4258253,0.0
4259254,0.0
4260255,0.0
4261256,3.5118194334469885
4262257,0.0
4263258,0.0
4264259,0.0
4265260,0.0
4266261,0.0
4267262,30.742198228056644
4268263,0.0
4269264,8.148187136125996
4270265,27.150297462091903
4271266,13.536930069399375
4272267,0.0
4273268,10.461280482728473
4274269,0.0
4275270,0.0
4276271,0.0
4277272,0.0
4278273,0.0
4279274,0.0
4280275,0.0
4281276,0.0
4282277,0.0
4283278,0.0
4284279,0.0
4285280,0.0
4286281,0.0
4287282,0.0
4288283,0.0
4289284,0.0
4290285,0.0
4291286,0.0
4292287,0.0
4293288,0.0
4294289,0.0
4295290,0.0
4296291,0.0
4297292,8.071681395022257
4298293,0.0
4299294,0.0
4300295,0.0
4301296,0.0
4302297,0.0
4303298,0.0
4304299,0.0
4305300,0.0
4306301,17.61453823418388
4307302,0.0
4308303,0.0
4309304,0.0
4310305,0.0
4311306,0.0
4312307,0.0
4313308,3.482265029991435
4314309,0.0
4315310,5.294207388141144
4316311,7.032994690788755
4317312,0.0
4318313,0.0
4319314,0.0
4320315,0.0
4321316,0.0
4322317,0.0
4323318,0.0
4324319,0.0
4325320,0.0
4326321,0.0
4327322,24.785884931557177
4328323,0.0
4329324,0.0
4330325,0.0
4331326,0.0
4332327,0.0
4333328,0.0
4334329,0.0
4335330,0.0
4336331,0.0
4337332,0.0
4338333,0.0
4339334,0.0
4340335,13.570683958252111
4341336,0.0
4342337,6.315890437283761
4343338,0.0
4344339,0.0
4345340,0.0
4346341,0.0
4347342,0.0
4348343,14.32246786763013
4349344,0.0
4350345,12.740372794792687
4351346,0.0
4352347,0.0
4353348,0.0
4354349,0.0
4355350,0.0
4356351,0.0
4357352,0.0
4358353,0.0
4359354,0.0
4360355,0.0
4361356,0.0
4362357,6.252151469507823
4363358,0.0
4364359,0.0
4365360,0.0
4366361,6.245359392464519
4367362,0.0
4368363,0.0
4369364,5.335558410077699
4370365,0.0
4371366,0.0
4372367,0.0
4373368,0.0
4374369,0.0
4375370,0.0
4376371,0.0
4377372,0.0
4378373,10.903747906086991
4379374,0.0
4380375,0.0
4381376,0.0
4382377,0.0
4383378,0.8598829484559822
4384379,21.732343409799405
4385380,0.0
4386381,0.0
4387382,0.0
4388383,0.0
4389384,8.110758031761522
4390385,0.0
4391386,0.0
4392387,0.0
4393388,0.0
4394389,0.0
4395390,0.0
4396391,0.0
4397392,0.0
4398393,0.0
4399394,0.0
4400395,0.0
4401396,0.0
4402397,0.0
4403398,11.731631414475691
4404399,0.0
4405400,0.0
4406401,0.0
4407402,0.0
4408403,0.0
4409404,0.0
4410405,5.495305669869948
4411406,0.0
4412407,18.110516912238225
4413408,0.0
4414409,0.0
4415410,0.0
4416411,0.0
4417412,0.0
4418413,0.0
4419414,0.0
4420415,0.0
4421416,10.890823267337899
4422417,0.0
4423418,0.0
4424419,0.0
4425420,16.4608149700588
4426421,0.0
4427422,13.738637673064265
4428423,0.0
4429424,0.0
4430425,0.0
4431426,0.0
4432427,0.0
4433428,0.0
4434429,0.0
4435430,0.0
4436431,0.0
4437432,0.0
4438433,0.0
4439434,6.3777670749228434
4440435,0.0
4441436,0.0
4442437,0.0
4443438,0.0
4444439,4.478449925241127
4445440,0.0
4446441,0.0
4447442,0.0
4448443,10.868992224450654
4449444,0.0
4450445,0.0
4451446,0.0
4452447,0.0
4453448,0.0
4454449,0.0
4455450,0.0
4456451,0.0
4457452,0.0
4458453,0.0
4459454,0.0
4460455,0.0
4461456,0.0
4462457,0.0
4463458,0.0
4464459,0.0
4465460,10.100344152563206
4466461,0.0
4467462,0.0
4468463,12.716135207992878
4469464,15.38891496984398
4470465,0.0
4471466,0.0
4472467,0.0
4473468,21.841023535468818
4474469,0.0
4475470,0.0
4476471,0.0
4477472,0.0
4478473,0.0
4479474,0.0
4480475,0.0
4481476,0.0
4482477,0.0
4483478,24.502434201309086
4484479,0.0
4485480,0.0
4486481,2.706381752881941
4487482,0.0
4488483,0.0
4489484,0.0
4490485,0.0
4491486,0.0
4492487,0.0
4493488,0.0
4494489,13.711552142799526
4495490,0.0
4496491,0.0
4497492,0.0
4498493,0.0
4499494,0.0
4500495,0.0
4501496,0.0
4502497,0.0
4503498,0.0
4504499,6.366356844380868
4505500,0.0
4506501,0.0
4507502,0.0
4508503,0.0
4509504,0.0
4510505,0.0
4511506,0.0
4512507,0.0
4513508,0.0
4514509,0.0
4515510,0.0
4516511,6.348359061255954
4517512,0.0
4518513,41.34890388620072
4519514,0.0
4520515,0.0
4521516,0.0
4522517,0.0
4523518,0.0
4524519,0.0
4525520,8.948759438433129
4526521,0.0
4527522,0.0
4528523,0.0
4529524,0.0
4530525,8.276846174950109
4531526,0.0
4532527,0.0
4533528,0.0
4534529,24.37708482436916
4535530,0.0
4536531,0.0
4537532,0.0
4538533,0.0
4539534,0.0
4540535,0.0
4541536,0.0
4542537,0.0
4543538,0.0
4544539,0.0
4545540,0.0
4546541,0.0
4547542,0.0
4548543,0.0
4549544,4.5906976676035045
4550545,26.414913457314114
4551546,0.0
4552547,0.0
4553548,0.0
4554549,0.0
4555550,0.0
4556551,0.0
4557552,0.9091169474126819
4558553,0.0
4559554,0.0
4560555,0.0
4561556,0.0
4562557,0.0
4563558,0.0
4564559,0.0
4565560,0.0
4566561,0.0
4567562,20.90233354132514
4568563,6.261298796897162
4569564,14.748649889350611
4570565,0.0
4571566,0.0
4572567,18.873745339194365
4573568,0.0
4574569,0.0
4575570,17.216801091323607
4576571,0.0
4577572,0.9285448291806
4578573,0.0
4579574,0.0
4580575,0.0
4581576,0.0
4582577,0.0
4583578,0.0
4584579,0.0
4585580,0.0
4586581,9.0417941152035
4587582,0.0
4588583,0.0
4589584,0.0
4590585,35.38976797679204
4591586,29.988958251011287
4592587,0.0
4593588,0.0
4594589,0.0
4595590,0.0
4596591,0.0
4597592,0.0
4598593,0.0
4599594,9.333223992598183
4600595,0.0
4601596,0.0
4602597,0.0
4603598,0.0
4604599,0.0
4605600,0.0
4606601,0.0
4607602,0.0
4608603,0.0
4609604,0.0
4610605,0.0
4611606,0.0
4612607,0.0
4613608,0.0
4614609,0.0
4615610,0.0
4616611,0.0
4617612,0.0
4618613,0.0
4619614,0.0
4620615,0.0
4621616,0.0
4622617,0.0
4623618,0.0
4624619,0.0
4625620,0.0
4626621,0.0
4627622,0.0
4628623,0.0
4629624,0.0
4630625,0.0
4631626,0.0
4632627,0.0
4633628,7.217442626570731
4634629,0.0
4635630,0.0
4636631,10.891439615081541
4637632,0.0
4638633,0.0
4639634,9.942336318140022
4640635,0.0
4641636,0.0
4642637,0.0
4643638,0.0
4644639,0.0
4645640,0.0
4646641,0.0
4647642,0.0
4648643,0.0
4649644,0.0
4650645,0.0
4651646,0.0
4652647,0.0
4653648,0.0
4654649,0.0
4655650,0.0
4656651,0.0
4657652,0.0
4658653,3.582198438832691
4659654,0.0
4660655,0.0
4661656,8.196460740663154
4662657,0.0
4663658,0.0
4664659,0.0
4665660,0.0
4666661,15.38341479950776
4667662,0.0
4668663,0.0
4669664,0.0
4670665,0.0
4671666,0.0
4672667,0.876285011741941
4673668,10.709321073899678
4674669,0.0
4675670,10.135184265757484
4676671,0.0
4677672,0.0
4678673,7.314218045465675
4679674,24.34239526796971
4680675,2.6950674973179067
4681676,0.0
4682677,0.0
4683678,0.0
4684679,0.0
4685680,0.0
4686681,0.0
4687682,0.0
4688683,0.0
4689684,0.0
4690685,0.0
4691686,0.0
4692687,11.658117475999877
4693688,0.0
4694689,8.183918193485127
4695690,0.0
4696691,0.0
4697692,0.0
4698693,9.94511769730527
4699694,0.0
4700695,0.0
4701696,0.0
4702697,0.0
4703698,0.0
4704699,12.597988754665861
4705700,3.6248534416815104
4706701,0.0
4707702,0.0
4708703,0.0
4709704,0.0
4710705,0.0
4711706,0.0
4712707,0.0
4713708,0.0
4714709,0.0
4715710,25.750753129497806
4716711,6.373752781854341
4717712,0.0
4718713,0.0
4719714,9.86815930520804
4720715,0.0
4721716,0.0
4722717,0.0
4723718,0.0
4724719,0.0
4725720,0.0
4726721,0.0
4727722,0.0
4728723,0.0
4729724,0.0
4730725,0.0
4731726,0.0
4732727,0.0
4733728,0.0
4734729,0.0
4735730,0.0
4736731,0.0
4737732,0.0
4738733,0.0
4739734,0.0
4740735,0.0
4741736,0.0
4742737,0.0
4743738,0.0
4744739,0.0
4745740,0.0
4746741,11.031911790534433
4747742,0.0
4748743,0.0
4749744,0.0
4750745,0.0
4751746,0.0
4752747,0.0
4753748,0.0
4754749,0.0
4755750,0.0
4756751,0.0
4757752,0.0
4758753,0.0
4759754,3.637247417557097
4760755,0.0
4761756,0.0
4762757,0.0
4763758,0.0
4764759,3.64954372511129
4765760,0.0
4766761,0.0
4767762,0.0
4768763,8.099169893337365
4769764,0.0
4770765,0.0
4771766,0.0
4772767,0.0
4773768,0.0
4774769,0.0
4775770,0.0
4776771,0.0
4777772,11.09506536386352
4778773,0.0
4779774,0.0
4780775,0.0
4781776,0.0
4782777,0.0
4783778,0.0
4784779,15.615955185084285
4785780,0.0
4786781,0.0
4787782,0.0
4788783,0.0
4789784,0.0
4790785,0.0
4791786,9.984879777099936
4792787,0.0
4793788,3.706845239495605
4794789,0.0
4795790,0.0
4796791,0.0
4797792,0.0
4798793,11.220608812734696
4799794,0.0
4800795,17.792310148990566
4801796,0.0
4802797,0.0
4803798,0.0
4804799,8.09747052849223
4805800,0.0
4806801,0.0
4807802,0.0
4808803,26.97734816691383
4809804,0.0
4810805,0.0
4811806,0.0
4812807,0.0
4813808,0.0
4814809,0.0
4815810,2.689466365423753
4816811,6.388926404206917
4817812,0.0
4818813,0.0
4819814,0.0
4820815,0.0
4821816,0.0
4822817,7.2832375236542
4823818,0.0
4824819,0.0
4825820,0.0
4826821,0.0
4827822,0.0
4828823,0.0
4829824,0.0
4830825,0.0
4831826,0.0
4832827,0.0
4833828,0.0
4834829,0.0
4835830,0.0
4836831,0.0
4837832,0.0
4838833,0.0
4839834,0.0
4840835,0.0
4841836,6.399071897127986
4842837,0.0
4843838,11.909100078769374
4844839,5.2307422007813775
4845840,0.0
4846841,0.0
4847842,0.0
4848843,0.0
4849844,0.0
4850845,0.0
4851846,0.0
4852847,0.0
4853848,0.0
4854849,5.474875633259907
4855850,0.0
4856851,0.0
4857852,0.0
4858853,0.0
4859854,0.0
4860855,0.0
4861856,0.0
4862857,0.0
4863858,0.0
4864859,0.0
4865860,0.0
4866861,0.0
4867862,0.0
4868863,0.0
4869864,0.0
4870865,0.0
4871866,42.538908769867945
4872867,0.0
4873868,0.0
4874869,0.0
4875870,0.0
4876871,0.0
4877872,11.107638404546371
4878873,4.524214591841482
4879874,0.0
4880875,0.0
4881876,0.0
4882877,0.0
4883878,0.0
4884879,11.837655337434011
4885880,0.0
4886881,0.0
4887882,0.0
4888883,0.0
4889884,3.6970715967314653
4890885,1.7844508543468098
4891886,0.0
4892887,0.0
4893888,0.0
4894889,25.71484804249668
4895890,0.0
4896891,0.0
4897892,0.0
4898893,0.0
4899894,0.0
4900895,0.0
4901896,0.0
4902897,0.0
4903898,10.969950412582998
4904899,0.0
4905900,3.636574596910718
4906901,0.0
4907902,6.478653163196838
4908903,10.878865059523314
4909904,0.0
4910905,0.0
4911906,15.403503696124515
4912907,0.0
4913908,0.0
4914909,0.0
4915910,7.225179603942626
4916911,12.805305331727023
4917912,0.0
4918913,7.302009633221702
4919914,4.497895965145203
4920915,0.0
4921916,0.0
4922917,0.0
4923918,0.0
4924919,0.0
4925920,0.0
4926921,0.0
4927922,0.0
4928923,0.0
4929924,0.0
4930925,0.0
4931926,0.0
4932927,0.0
4933928,9.22013554510886
4934929,0.0
4935930,0.0
4936931,0.0
4937932,0.0
4938933,0.0
4939934,0.0
4940935,0.0
4941936,0.0
4942937,0.0
4943938,0.0
4944939,0.0
4945940,0.0
4946941,0.0
4947942,0.0
4948943,0.0
4949944,0.0
4950945,0.0
4951946,0.0
4952947,21.973193818657226
4953948,19.29223139404992
4954949,11.027202917822427
4955950,2.7596097129193797
4956951,12.821069704177336
4957952,0.0
4958953,7.312532705587019
4959954,0.0
4960955,0.0
4961956,15.56570762549645
4962957,0.0
4963958,18.945345853991693
4964959,0.0
4965960,0.0
4966961,0.0
4967962,0.0
4968963,0.0
4969964,0.0
4970965,0.0
4971966,2.7086239666235463
4972967,0.0
4973968,12.534094564008333
4974969,0.0
4975970,0.0
4976971,0.0
4977972,0.0
4978973,0.0
4979974,0.0
4980975,0.0
4981976,0.0
4982977,10.836555599426376
4983978,0.0
4984979,0.0
4985980,0.0
4986981,17.457134434546532
4987982,0.0
4988983,0.0
4989984,0.0
4990985,0.0
4991986,7.377745816399439
4992987,0.0
4993988,0.0
4994989,0.0
4995990,0.0
4996991,0.0
4997992,0.0
4998993,0.0
4999994,0.0
5000995,0.0
5001996,8.098775830623826
5002997,0.0
5003998,42.43359250340019
5004999,0.8624338189350684
5006000,9.130939909640306
5007001,0.0
5008002,0.0
5009003,0.0
5010004,0.0
5011005,0.0
5012006,0.0
5013007,0.0
5014008,0.0
5015009,0.0
5016010,7.2513148709984
5017011,16.178716007054632
5018012,1.726187791232662
5019013,0.0
5020014,14.615370120758637
5021015,0.0
5022016,0.0
5023017,7.412546268568136
5024018,0.0
5025019,0.0
5026020,0.0
5027021,0.0
5028022,0.0
5029023,0.0
5030024,8.301461635660838
5031025,0.0
5032026,12.849219261277199
5033027,0.0
5034028,0.0
5035029,0.0
5036030,0.0
5037031,0.0
5038032,0.0
5039033,0.0
5040034,0.0
5041035,0.0
5042036,0.0
5043037,0.0
5044038,0.0
5045039,0.0
5046040,18.87604830646613
5047041,0.0
5048042,0.0
5049043,0.0
5050044,0.0
5051045,0.0
5052046,0.0
5053047,0.0
5054048,0.0
5055049,8.39393549805176
5056050,0.0
5057051,0.0
5058052,5.599828258240003
5059053,0.0
5060054,0.0
5061055,0.0
5062056,0.0
5063057,7.2537640648376485
5064058,0.0
5065059,0.0
5066060,0.0
5067061,16.556162170916704
5068062,0.0
5069063,0.0
5070064,17.620785588023764
5071065,13.676329352246388
5072066,0.0
5073067,0.0
5074068,9.146049870653076
5075069,0.0
5076070,0.0
5077071,0.0
5078072,0.0
5079073,0.0
5080074,0.0
5081075,0.0
5082076,0.0
5083077,0.0
5084078,0.0
5085079,0.0
5086080,2.7679416936249233
5087081,0.0
5088082,0.0
5089083,0.0
5090084,0.0
5091085,0.0
5092086,0.0
5093087,0.0
5094088,0.0
5095089,0.0
5096090,0.0
5097091,0.0
5098092,0.0
5099093,0.0
5100094,0.0
5101095,0.0
5102096,0.0
5103097,0.0
5104098,0.0
5105099,0.0
5106100,0.0
5107101,0.0
5108102,0.0
5109103,0.0
5110104,0.0
5111105,13.404278609159617
5112106,0.0
5113107,0.0
5114108,0.0
5115109,0.0
5116110,0.0
5117111,10.193883350001238
5118112,0.0
5119113,0.0
5120114,0.0
5121115,0.0
5122116,0.0
5123117,0.0
5124118,0.0
5125119,0.0
5126120,0.0
5127121,7.356045990381109
5128122,0.0
5129123,0.0
5130124,0.0
5131125,0.0
5132126,0.0
5133127,0.0
5134128,0.0
5135129,10.230350088789159
5136130,0.0
5137131,0.0
5138132,0.0
5139133,0.0
5140134,0.0
5141135,0.0
5142136,0.0
5143137,18.808006974564456
5144138,2.847463794525739
5145139,0.0
5146140,0.0
5147141,0.0
5148142,0.0
5149143,0.0
5150144,0.0
5151145,0.0
5152146,0.0
5153147,0.0
5154148,14.72441453935559
5155149,0.0
5156150,16.409760078523245
5157151,0.0
5158152,0.0
5159153,5.595126813471324
5160154,0.0
5161155,0.0
5162156,0.0
5163157,0.0
5164158,0.0
5165159,0.0
5166160,0.0
5167161,0.0
5168162,0.0
5169163,0.0
5170164,0.0
5171165,0.0
5172166,0.0
5173167,0.0
5174168,0.0
5175169,1.7986346862665117
5176170,14.715499674784027
5177171,22.887934259959888
5178172,11.226265329759519
5179173,0.0
5180174,0.0
5181175,0.0
5182176,0.0
5183177,0.0
5184178,0.0
5185179,0.0
5186180,5.602006232593935
5187181,0.0
5188182,0.0
5189183,0.0
5190184,0.0
5191185,0.0
5192186,0.0
5193187,0.0
5194188,0.0
5195189,0.0
5196190,0.0
5197191,0.0
5198192,0.0
5199193,11.1074477983473
5200194,0.0
5201195,11.16351995625517
5202196,0.0
5203197,0.0
5204198,0.0
5205199,0.0
5206200,0.0
5207201,0.0
5208202,0.0
5209203,0.0
5210204,0.0
5211205,0.0
5212206,26.721358721972113
5213207,0.0
5214208,0.0
5215209,0.0
5216210,0.0
5217211,2.723278730794919
5218212,0.0
5219213,0.0
5220214,0.0
5221215,0.0
5222216,16.635866729346198
5223217,0.0
5224218,12.072658159386313
5225219,8.298620607138776
5226220,16.5156544540857
5227221,0.0
5228222,0.0
5229223,0.0
5230224,0.0
5231225,0.0
5232226,0.0
5233227,0.0
5234228,27.691498729860452
5235229,0.0
5236230,0.0
5237231,0.0
5238232,0.0
5239233,0.0
5240234,12.038343890317512
5241235,0.0
5242236,0.0
5243237,0.0
5244238,0.0
5245239,0.0
5246240,0.0
5247241,0.0
5248242,0.0
5249243,0.0
5250244,0.0
5251245,0.0
5252246,0.0
5253247,0.0
5254248,26.24978623949229
5255249,0.0
5256250,0.0
5257251,0.0
5258252,10.967569086658594
5259253,0.0
5260254,0.0
5261255,0.0
5262256,0.0
5263257,0.0
5264258,0.0
5265259,0.0
5266260,6.573295402006276
5267261,13.911259842399156
5268262,19.189197635778818
5269263,0.0
5270264,0.0
5271265,0.0
5272266,21.1938119364011
5273267,0.0
5274268,0.0
5275269,0.0
5276270,0.0
5277271,0.0
5278272,25.62736232468988
5279273,9.896267098104275
5280274,0.0
5281275,34.228401273100886
5282276,0.0
5283277,17.672218118470344
5284278,0.0
5285279,0.0
5286280,0.0
5287281,0.0
5288282,21.207160395078947
5289283,0.0
5290284,0.0
5291285,0.0
5292286,0.0
5293287,0.0
5294288,0.0
5295289,0.0
5296290,0.0
5297291,9.31046424708621
5298292,0.0
5299293,0.0
5300294,0.0
5301295,0.0
5302296,0.0
5303297,8.444670829612713
5304298,0.0
5305299,0.0
5306300,7.467987374442435
5307301,0.0
5308302,22.399827028324314
5309303,0.0
5310304,12.187678772476438
5311305,0.0
5312306,0.0
5313307,7.396500664636993
5314308,0.0
5315309,16.633614304937907
5316310,0.0
5317311,0.0
5318312,0.0
5319313,0.0
5320314,0.0
5321315,0.0
5322316,0.0
5323317,11.93296343564294
5324318,0.0
5325319,2.8045189232593186
5326320,0.0
5327321,0.0
5328322,0.0
5329323,0.0
5330324,26.544667026323758
5331325,0.0
5332326,0.0
5333327,0.0
5334328,0.0
5335329,0.0
5336330,0.0
5337331,0.0
5338332,0.0
5339333,0.0
5340334,0.0
5341335,0.0
5342336,11.937171575326245
5343337,0.0
5344338,0.0
5345339,13.817793043021918
5346340,0.0
5347341,11.273726983451935
5348342,0.0
5349343,0.0
5350344,0.0
5351345,0.0
5352346,0.0
5353347,8.264871992874195
5354348,0.0
5355349,0.0
5356350,0.0
5357351,0.0
5358352,0.0
5359353,23.528689357746075
5360354,0.0
5361355,0.0
5362356,0.0
5363357,0.0
5364358,0.0
5365359,0.0
5366360,0.0
5367361,0.926368015042633
5368362,0.0
5369363,0.0
5370364,0.0
5371365,0.0
5372366,0.0
5373367,0.0
5374368,0.0
5375369,0.0
5376370,0.0
5377371,0.0
5378372,0.0
5379373,16.67617991160714
5380374,69.97522681304399
5381375,0.0
5382376,0.0
5383377,23.671800590360462
5384378,0.0
5385379,0.0
5386380,0.0
5387381,20.9817725781658
5388382,0.0
5389383,4.657082934910129
5390384,0.0
5391385,0.0
5392386,0.0
5393387,0.0
5394388,0.0
5395389,0.0
5396390,0.0
5397391,0.0
5398392,0.0
5399393,0.0
5400394,0.0
5401395,0.9366897836447166
5402396,29.341192775616857
5403397,0.0
5404398,0.0
5405399,0.0
5406400,0.0
5407401,14.849164608149422
5408402,0.0
5409403,0.0
5410404,0.0
5411405,14.996744003773884
5412406,0.0
5413407,0.0
5414408,0.0
5415409,51.0006592973001
5416410,0.0
5417411,20.800333979390782
5418412,11.260632385202392
5419413,0.0
5420414,0.0
5421415,10.979247848778504
5422416,0.0
5423417,49.01379182723955
5424418,0.0
5425419,0.0
5426420,0.0
5427421,4.888114472280852
5428422,14.778768333677723
5429423,0.0
5430424,36.98387019247249
5431425,0.0
5432426,4.586470293137546
5433427,0.0
5434428,0.0
5435429,0.0
5436430,15.25247915832938
5437431,0.0
5438432,0.0
5439433,0.0
5440434,0.0
5441435,0.0
5442436,0.0
5443437,0.0
5444438,0.0
5445439,15.417479311379422
5446440,0.0
5447441,0.0
5448442,12.150852690656194
5449443,0.0
5450444,0.0
5451445,15.871046414122278
5452446,0.0
5453447,17.4282380211578
5454448,0.0
5455449,0.0
5456450,18.658850650732884
5457451,0.0
5458452,0.0
5459453,0.0
5460454,9.443235063836214
5461455,14.840637363699631
5462456,0.0
5463457,0.0
5464458,0.0
5465459,0.0
5466460,0.0
5467461,0.0
5468462,0.0
5469463,0.0
5470464,0.0
5471465,0.0
5472466,0.0
5473467,0.0
5474468,0.0
5475469,8.052791466074343
5476470,0.0
5477471,0.0
5478472,0.0
5479473,0.0
5480474,0.0
5481475,0.0
5482476,0.0
5483477,0.0
5484478,0.0
5485479,0.0
5486480,0.0
5487481,0.0
5488482,0.0
5489483,69.25128725594013
5490484,0.0
5491485,0.0
5492486,0.0
5493487,0.0
5494488,5.588729181427489
5495489,0.0
5496490,0.0
5497491,27.940060045091386
5498492,19.31571486076747
5499493,9.248454448430746
5500494,0.0
5501495,20.226381148467187
5502496,0.0
5503497,0.0
5504498,11.688697383072642
5505499,0.0
5506500,0.0
5507501,0.0
5508502,0.0
5509503,0.0
5510504,0.0
5511505,0.0
5512506,0.0
5513507,0.0
5514508,66.61710694707837
5515509,47.17695964599613
5516510,0.0
5517511,0.0
5518512,0.0
5519513,0.0
5520514,5.58619055321076
5521515,0.0
5522516,13.869242399565143
5523517,0.0
5524518,0.0
5525519,0.0
5526520,0.0
5527521,0.0
5528522,0.0
5529523,0.0
5530524,14.918696196861736
5531525,13.041149681704194
5532526,0.0
5533527,0.0
5534528,20.01361818828155
5535529,0.0
5536530,0.0
5537531,0.0
5538532,0.0
5539533,0.0
5540534,0.0
5541535,0.0
5542536,0.0
5543537,7.491450442848341
5544538,0.0
5545539,0.0
5546540,0.0
5547541,0.0
5548542,0.0
5549543,0.0
5550544,32.33760022740383
5551545,9.412804819503705
5552546,0.0
5553547,0.0
5554548,0.0
5555549,19.13996745068431
5556550,0.0
5557551,0.0
5558552,20.130514461129696
5559553,11.848561669729783
5560554,12.884132429384483
5561555,14.693824348849718
5562556,12.900218767030365
5563557,0.0
5564558,17.709876199081755
5565559,0.0
5566560,0.0
5567561,0.0
5568562,2.737293247108043
5569563,0.0
5570564,0.0
5571565,0.0
5572566,0.0
5573567,0.0
5574568,0.0
5575569,0.0
5576570,18.490123307603806
5577571,24.733513649445413
5578572,0.0
5579573,9.222989880492634
5580574,0.0
5581575,0.0
5582576,14.82811661971587
5583577,0.0
5584578,0.0
5585579,0.0
5586580,0.0
5587581,0.0
5588582,0.0
5589583,0.0
5590584,8.353659101976818
5591585,54.53400389521768
5592586,0.0
5593587,14.703396768284327
5594588,0.0
5595589,0.0
5596590,0.0
5597591,0.0
5598592,0.0
5599593,0.0
5600594,0.0
5601595,0.0
5602596,0.0
5603597,0.0
5604598,0.0
5605599,0.0
5606600,9.0791101818967
5607601,0.0
5608602,0.0
5609603,0.0
5610604,0.0
5611605,0.0
5612606,0.0
5613607,0.0
5614608,17.501845374554627
5615609,0.0
5616610,5.562100336761645
5617611,0.0
5618612,0.0
5619613,0.0
5620614,0.0
5621615,0.0
5622616,0.0
5623617,0.0
5624618,0.0
5625619,0.0
5626620,0.0
5627621,0.0
5628622,0.0
5629623,0.0
5630624,0.0
5631625,0.0
5632626,0.0
5633627,0.0
5634628,13.662930513672682
5635629,0.0
5636630,42.1484202970513
5637631,0.0
5638632,3.750016656666622
5639633,0.0
5640634,0.0
5641635,0.0
5642636,0.0
5643637,18.165812709805618
5644638,11.960446631170932
5645639,0.0
5646640,21.107825395432815
5647641,0.0
5648642,0.0
5649643,0.0
5650644,0.0
5651645,0.0
5652646,0.0
5653647,0.0
5654648,0.0
5655649,0.0
5656650,0.0
5657651,0.0
5658652,0.0
5659653,0.0
5660654,0.0
5661655,0.0
5662656,14.764594390851169
5663657,0.0
5664658,0.0
5665659,0.0
5666660,0.0
5667661,0.0
5668662,0.0
5669663,0.0
5670664,20.640475512242187
5671665,0.0
5672666,0.0
5673667,0.0
5674668,0.0
5675669,0.0
5676670,0.0
5677671,0.0
5678672,0.0
5679673,0.0
5680674,0.0
5681675,0.0
5682676,6.617294821970466
5683677,0.0
5684678,0.0
5685679,0.0
5686680,0.0
5687681,16.691101301784517
5688682,0.0
5689683,13.65095211801596
5690684,0.0
5691685,0.0
5692686,0.0
5693687,0.0
5694688,0.0
5695689,0.0
5696690,0.0
5697691,0.0
5698692,37.08616241408567
5699693,0.0
5700694,0.0
5701695,10.939064586499077
5702696,10.116855792456569
5703697,0.0
5704698,0.0
5705699,0.0
5706700,0.0
5707701,0.0
5708702,0.0
5709703,0.0
5710704,0.0
5711705,0.0
5712706,3.73063114650668
5713707,7.396812321131154
5714708,0.0
5715709,0.0
5716710,0.0
5717711,0.0
5718712,50.06158848230432
5719713,0.0
5720714,0.0
5721715,0.0
5722716,0.0
5723717,12.791344941059778
5724718,0.0
5725719,0.0
5726720,12.772383153524512
5727721,0.0
5728722,0.0
5729723,15.52752484904358
5730724,8.125473151439104
5731725,64.70575290290415
5732726,16.50734666329282
5733727,0.0
5734728,0.0
5735729,0.0
5736730,0.0
5737731,0.0
5738732,20.916491242640824
5739733,14.648598078642001
5740734,10.888086528777025
5741735,0.0
5742736,0.0
5743737,0.0
5744738,26.077901888328135
5745739,0.0
5746740,0.0
5747741,0.0
5748742,8.343894544868194
5749743,0.0
5750744,0.0
5751745,0.0
5752746,0.0
5753747,0.0
5754748,0.0
5755749,0.0
5756750,0.0
5757751,0.0
5758752,0.0
5759753,0.0
5760754,0.0
5761755,0.0
5762756,0.0
5763757,0.0
5764758,0.0
5765759,30.478162040951826
5766760,0.0
5767761,0.0
5768762,12.948143178665573
5769763,0.0
5770764,0.0
5771765,0.0
5772766,0.0
5773767,18.911160183584606
5774768,27.97516471464637
5775769,17.336647807584324
5776770,17.737254145767725
5777771,0.0
5778772,0.0
5779773,16.455632494177305
5780774,0.0
5781775,0.0
5782776,0.0
5783777,72.74267097190838
5784778,0.0
5785779,0.0
5786780,22.84236118069449
5787781,0.0
5788782,10.817287626771696
5789783,0.0
5790784,0.0
5791785,66.89534854112502
5792786,0.0
5793787,0.0
5794788,0.0
5795789,0.0
5796790,0.0
5797791,0.0
5798792,0.0
5799793,12.061840846751867
5800794,21.724665394658814
5801795,0.0
5802796,0.0
5803797,11.096322301040614
5804798,0.0
5805799,0.0
5806800,0.0
5807801,12.83617287265886
5808802,0.0
5809803,0.0
5810804,0.0
5811805,0.0
5812806,8.391412919748316
5813807,14.842245312954537
5814808,0.0
5815809,0.0
5816810,0.0
5817811,0.0
5818812,0.0
5819813,0.0
5820814,0.0
5821815,0.0
5822816,12.127215160887916
5823817,0.0
5824818,0.0
5825819,0.0
5826820,0.0
5827821,0.0
5828822,22.374795958662506
5829823,0.0
5830824,0.0
5831825,3.6942791655209444
5832826,0.0
5833827,17.407126833029984
5834828,0.0
5835829,0.0
5836830,0.0
5837831,0.0
5838832,0.0
5839833,0.0
5840834,38.313895510147965
5841835,0.0
5842836,0.0
5843837,0.0
5844838,11.086915166560972
5845839,0.0
5846840,0.0
5847841,0.0
5848842,0.0
5849843,0.0
5850844,0.0
5851845,0.0
5852846,11.25366529107469
5853847,0.0
5854848,0.0
5855849,11.994820682240164
5856850,0.0
5857851,21.68000260554416
5858852,0.0
5859853,29.30632747536377
5860854,0.0
5861855,0.0
5862856,16.371236491815964
5863857,0.0
5864858,0.0
5865859,0.0
5866860,0.0
5867861,11.067160096132028
5868862,5.555753041586334
5869863,0.0
5870864,0.0
5871865,0.0
5872866,0.0
5873867,28.898520696164677
5874868,0.0
5875869,32.42202055076388
5876870,4.575871221652564
5877871,0.0
5878872,0.0
5879873,0.0
5880874,0.0
5881875,16.00483380539917
5882876,0.0
5883877,0.0
5884878,25.77255965261289
5885879,0.0
5886880,0.0
5887881,0.0
5888882,0.0
5889883,0.0
5890884,0.0
5891885,0.0
5892886,12.04879242814781
5893887,0.0
5894888,0.0
5895889,0.0
5896890,0.0
5897891,0.0
5898892,12.794219359472116
5899893,0.0
5900894,0.0
5901895,0.0
5902896,0.0
5903897,0.0
5904898,0.0
5905899,0.0
5906900,0.0
5907901,0.0
5908902,0.0
5909903,11.209797504269947
5910904,18.31740169428053
5911905,0.0
5912906,8.21572410388368
5913907,14.633802151719944
5914908,0.0
5915909,0.0
5916910,0.0
5917911,0.0
5918912,0.0
5919913,0.0
5920914,16.95700483940231
5921915,0.0
5922916,0.0
5923917,0.0
5924918,0.0
5925919,0.0
5926920,5.6009700633108315
5927921,0.0
5928922,0.0
5929923,0.0
5930924,25.467274459652447
5931925,0.0
5932926,0.0
5933927,126.43575266901283
5934928,0.0
5935929,0.0
5936930,0.0
5937931,0.0
5938932,0.0
5939933,0.0
5940934,0.0
5941935,0.0
5942936,0.0
5943937,0.0
5944938,0.0
5945939,4.680100084378241
5946940,0.0
5947941,0.0
5948942,0.0
5949943,0.0
5950944,0.0
5951945,0.0
5952946,0.0
5953947,0.0
5954948,0.0
5955949,0.0
5956950,0.0
5957951,0.0
5958952,7.359313427777616
5959953,0.0
5960954,29.012309724987958
5961955,0.0
5962956,0.0
5963957,20.04829126480102
5964958,0.0
5965959,0.0
5966960,0.0
5967961,0.0
5968962,0.0
5969963,0.0
5970964,6.333941923432764
5971965,0.0
5972966,0.0
5973967,0.0
5974968,20.34079314357632
5975969,0.0
5976970,0.0
5977971,0.0
5978972,0.0
5979973,0.0
5980974,0.0
5981975,11.275486974546425
5982976,17.753157081255782
5983977,0.0
5984978,27.69513071653491
5985979,0.0
5986980,0.0
5987981,0.0
5988982,0.0
5989983,0.0
5990984,4.639985515580412
5991985,0.0
5992986,0.0
5993987,0.0
5994988,0.0
5995989,0.0
5996990,0.0
5997991,0.0
5998992,0.0
5999993,0.0
6000994,0.0
6001995,22.117499131274794
6002996,0.0
6003997,9.307947506364751
6004998,0.0
6005999,0.0
6007000,0.0
6008001,0.0
6009002,12.271985301978027
6010003,16.734273217172607
6011004,0.0
6012005,0.0
6013006,11.096485268941748
6014007,0.0
6015008,0.0
6016009,33.27403846542168
6017010,6.444301301688369
6018011,0.0
6019012,0.0
6020013,0.0
6021014,0.0
6022015,15.325805376926775
6023016,0.0
6024017,9.306740425296901
6025018,0.0
6026019,0.0
6027020,0.0
6028021,0.0
6029022,0.0
6030023,0.0
6031024,0.0
6032025,7.331092864478471
6033026,0.0
6034027,0.0
6035028,0.0
6036029,0.0
6037030,0.0
6038031,0.0
6039032,0.0
6040033,0.0
6041034,0.0
6042035,0.0
6043036,0.0
6044037,0.0
6045038,0.0
6046039,0.0
6047040,0.0
6048041,0.0
6049042,0.0
6050043,0.0
6051044,22.651099042646813
6052045,0.0
6053046,0.0
6054047,0.0
6055048,0.0
6056049,14.959311220363105
6057050,0.0
6058051,0.0
6059052,6.549742269137616
6060053,0.0
6061054,7.526798913426585
6062055,0.0
6063056,0.0
6064057,14.975182885430314
6065058,0.0
6066059,0.0
6067060,10.187036732598074
6068061,0.0
6069062,0.0
6070063,0.0
6071064,6.533362784447601
6072065,0.0
6073066,27.26296470638291
6074067,0.0
6075068,0.0
6076069,0.0
6077070,0.0
6078071,18.293228032068964
6079072,17.465469485270223
6080073,0.0
6081074,0.0
6082075,0.0
6083076,3.773810992563388
6084077,0.0
6085078,0.0
6086079,11.001739923418963
6087080,0.0
6088081,7.284736189376013
6089082,0.0
6090083,13.931855046409286
6091084,0.0
6092085,0.0
6093086,0.0
6094087,0.9275993987913266
6095088,0.0
6096089,0.0
6097090,0.0
6098091,0.0
6099092,0.0
6100093,0.0
6101094,20.34555093397061
6102095,0.0
6103096,0.0
6104097,0.0
6105098,0.0
6106099,0.0
6107100,0.0
6108101,0.0
6109102,0.0
6110103,19.69619721372682
6111104,0.0
6112105,0.0
6113106,0.0
6114107,11.090862768854988
6115108,0.0
6116109,0.0
6117110,13.930918098234141
6118111,0.0
6119112,0.0
6120113,0.0
6121114,0.0
6122115,0.0
6123116,0.0
6124117,0.0
6125118,0.0
6126119,0.0
6127120,12.021858866608241
6128121,0.0
6129122,0.0
6130123,8.64012973808312
6131124,0.0
6132125,0.0
6133126,0.0
6134127,19.169743685945754
6135128,0.0
6136129,0.0
6137130,0.0
6138131,0.0
6139132,0.0
6140133,0.0
6141134,0.0
6142135,0.0
6143136,0.0
6144137,15.806282662902639
6145138,0.0
6146139,52.68116823155866
6147140,0.0
6148141,5.593260907175935
6149142,0.0
6150143,0.0
6151144,0.0
6152145,10.29881398348591
6153146,0.0
6154147,13.069079540052554
6155148,0.0
6156149,0.0
6157150,0.0
6158151,0.0
6159152,15.251341486477765
6160153,10.28663839613207
6161154,0.0
6162155,0.0
6163156,0.0
6164157,0.0
6165158,0.0
6166159,1.8326012770682945
6167160,31.709194132258418
6168161,0.0
6169162,0.0
6170163,0.0
6171164,0.0
6172165,0.0
6173166,0.0
6174167,0.0
6175168,0.0
6176169,0.0
6177170,19.4576110159469
6178171,0.0
6179172,0.0
6180173,0.0
6181174,0.0
6182175,14.09807497133285
6183176,13.947933898776625
6184177,0.0
6185178,0.0
6186179,18.15980267415384
6187180,0.0
6188181,0.0
6189182,0.0
6190183,0.0
6191184,0.0
6192185,0.0
6193186,0.0
6194187,0.0
6195188,0.0
6196189,0.0
6197190,0.0
6198191,0.0
6199192,0.0
6200193,0.0
6201194,0.0
6202195,0.0
6203196,0.0
6204197,0.0
6205198,9.39825227869134
6206199,0.0
6207200,0.0
6208201,0.0
6209202,0.0
6210203,0.0
6211204,0.0
6212205,0.9859405785999472
6213206,0.0
6214207,0.0
6215208,0.0
6216209,0.0
6217210,0.0
6218211,13.3493363166161
6219212,0.0
6220213,0.0
6221214,0.0
6222215,7.376233442179762
6223216,0.0
6224217,0.0
6225218,11.23118796930899
6226219,0.0
6227220,0.0
6228221,0.0
6229222,0.0
6230223,13.801647155494912
6231224,0.0
6232225,0.0
6233226,0.0
6234227,0.0
6235228,0.0
6236229,0.0
6237230,16.71365237577539
6238231,29.941955196245566
6239232,0.0
6240233,0.0
6241234,0.0
6242235,3.54218905453516
6243236,8.47687952407028
6244237,0.0
6245238,0.0
6246239,4.67919117586221
6247240,9.310707222464027
6248241,0.0
6249242,11.248741470429747
6250243,0.0
6251244,13.9479237187403
6252245,0.0
6253246,2.8038001851847296
6254247,0.0
6255248,0.0
6256249,0.0
6257250,0.0
6258251,0.0
6259252,0.0
6260253,0.0
6261254,0.0
6262255,0.0
6263256,7.454518819167594
6264257,0.0
6265258,13.23547960235162
6266259,0.0
6267260,0.0
6268261,0.0
6269262,0.0
6270263,25.60597666221077
6271264,0.0
6272265,0.0
6273266,0.0
6274267,12.082458333881728
6275268,0.0
6276269,0.0
6277270,0.0
6278271,11.16864544990296
6279272,0.0
6280273,0.0
6281274,0.0
6282275,0.0
6283276,0.0
6284277,0.0
6285278,0.0
6286279,0.0
6287280,15.009331892702011
6288281,0.0
6289282,0.0
6290283,0.0
6291284,0.0
6292285,0.0
6293286,0.0
6294287,0.0
6295288,17.570141082395864
6296289,34.04235931381744
6297290,16.941454712587102
6298291,0.0
6299292,0.0
6300293,0.0
6301294,5.570727457797074
6302295,10.210472571768047
6303296,0.0
6304297,0.0
6305298,0.0
6306299,0.0
6307300,21.443311284384645
6308301,0.0
6309302,12.178191006256624
6310303,0.0
6311304,12.194899548590723
6312305,0.0
6313306,12.904776393703028
6314307,11.23232270085741
6315308,0.0
6316309,0.0
6317310,0.0
6318311,0.0
6319312,0.0
6320313,0.0
6321314,0.0
6322315,0.0
6323316,0.0
6324317,5.589015735690047
6325318,0.0
6326319,0.0
6327320,9.3082191463175
6328321,0.0
6329322,0.0
6330323,0.0
6331324,8.386702838709889
6332325,0.0
6333326,0.0
6334327,0.0
6335328,0.0
6336329,0.0
6337330,11.260654737416601
6338331,9.32780344813667
6339332,0.0
6340333,0.0
6341334,0.0
6342335,0.0
6343336,0.0
6344337,0.0
6345338,17.569892195088286
6346339,0.0
6347340,0.0
6348341,0.0
6349342,0.0
6350343,0.0
6351344,23.32346991898209
6352345,0.0
6353346,13.900253491818859
6354347,0.0
6355348,0.0
6356349,0.0
6357350,0.0
6358351,0.0
6359352,0.0
6360353,0.0
6361354,0.0
6362355,0.0
6363356,0.0
6364357,0.0
6365358,0.0
6366359,0.0
6367360,0.0
6368361,0.0
6369362,0.0
6370363,0.0
6371364,0.0
6372365,20.452808917341635
6373366,0.0
6374367,0.0
6375368,0.0
6376369,0.0
6377370,0.0
6378371,23.23908862366421
6379372,0.0
6380373,21.496590531931737
6381374,0.0
6382375,0.0
6383376,0.0
6384377,5.709474838440572
6385378,0.0
6386379,0.0
6387380,13.075661092963667
6388381,0.0
6389382,0.0
6390383,14.859202781321134
6391384,0.0
6392385,0.0
6393386,0.0
6394387,0.0
6395388,6.501388099784297
6396389,5.557752588557097
6397390,0.0
6398391,27.630328250736987
6399392,0.0
6400393,0.0
6401394,0.0
6402395,22.433670950510532
6403396,0.0
6404397,0.0
6405398,0.0
6406399,0.0
6407400,0.0
6408401,0.0
6409402,0.0
6410403,0.0
6411404,0.0
6412405,0.0
6413406,0.0
6414407,0.0
6415408,0.0
6416409,0.0
6417410,0.0
6418411,24.86282048927327
6419412,22.534121469249513
6420413,0.0
6421414,0.0
6422415,0.0
6423416,0.0
6424417,0.0
6425418,7.4462157773730535
6426419,0.0
6427420,2.9328617162778223
6428421,0.0
6429422,9.152583116058862
6430423,0.0
6431424,0.0
6432425,0.0
6433426,0.0
6434427,0.0
6435428,0.0
6436429,14.01060917311578
6437430,16.502734813549427
6438431,0.0
6439432,0.0
6440433,0.0
6441434,0.0
6442435,0.0
6443436,0.0
6444437,0.0
6445438,0.0
6446439,12.123266492379697
6447440,0.0
6448441,0.0
6449442,0.0
6450443,0.0
6451444,0.0
6452445,0.0
6453446,0.0
6454447,0.0
6455448,0.0
6456449,0.0
6457450,0.0
6458451,0.0
6459452,0.0
6460453,0.0
6461454,0.0
6462455,0.0
6463456,0.0
6464457,28.222287491686014
6465458,0.0
6466459,0.0
6467460,0.0
6468461,0.0
6469462,0.0
6470463,0.0
6471464,0.0
6472465,0.0
6473466,0.0
6474467,0.0
6475468,0.0
6476469,0.0
6477470,0.0
6478471,8.447322421683902
6479472,8.433831547413867
6480473,0.0
6481474,0.0
6482475,0.0
6483476,0.0
6484477,31.32481345979127
6485478,0.0
6486479,12.161646548566972
6487480,0.0
6488481,0.0
6489482,0.0
6490483,0.0
6491484,21.2332553352697
6492485,0.0
6493486,8.166157417432151
6494487,0.0
6495488,19.58679411784063
6496489,0.0
6497490,0.0
6498491,0.0
6499492,0.0
6500493,0.0
6501494,0.0
6502495,0.0
6503496,7.290231422800561
6504497,5.5564317717342435
6505498,0.0
6506499,0.0
6507500,0.0
6508501,14.005924802214285
6509502,0.0
6510503,0.0
6511504,4.716283982231675
6512505,0.0
6513506,0.0
6514507,0.0
6515508,0.0
6516509,0.0
6517510,0.0
6518511,0.0
6519512,0.0
6520513,0.0
6521514,0.0
6522515,15.8406431402789
6523516,0.0
6524517,0.0
6525518,9.786263443828357
6526519,0.0
6527520,0.0
6528521,0.0
6529522,12.150019932906323
6530523,0.0
6531524,0.0
6532525,0.0
6533526,15.653276161558203
6534527,0.0
6535528,0.0
6536529,0.0
6537530,8.407993105909055
6538531,0.0
6539532,0.0
6540533,0.0
6541534,17.779846188402114
6542535,0.0
6543536,26.004368998880548
6544537,0.0
6545538,0.0
6546539,0.0
6547540,20.520846421890433
6548541,0.0
6549542,0.0
6550543,0.0
6551544,0.0
6552545,0.0
6553546,35.60340521409298
6554547,0.0
6555548,0.0
6556549,0.0
6557550,13.098813414375526
6558551,0.0
6559552,0.0
6560553,0.0
6561554,0.0
6562555,0.0
6563556,0.0
6564557,0.0
6565558,0.0
6566559,0.0
6567560,0.0
6568561,0.0
6569562,0.0
6570563,0.0
6571564,50.94330377018343
6572565,0.0
6573566,0.0
6574567,15.026406082744352
6575568,12.119152778864011
6576569,29.2199689782298
6577570,0.0
6578571,0.0
6579572,14.042931040870453
6580573,0.0
6581574,0.0
6582575,0.0
6583576,0.0
6584577,0.0
6585578,0.0
6586579,0.0
6587580,11.197793279758363
6588581,0.0
6589582,0.0
6590583,9.38768869540659
6591584,0.0
6592585,0.0
6593586,17.648572240039446
6594587,0.0
6595588,0.0
6596589,0.0
6597590,0.0
6598591,0.0
6599592,0.0
6600593,0.0
6601594,0.0
6602595,0.0
